762
1531.5
517.7
591.7
92.1
146.7
123.2
58.6
1.4
172
172
0
0
0
0
0
0
148.8
148.8
0
0
0
0
0
0
196.9
196.9
0
0
0
0
0
0
172.2
0
20.9
9.2
56.5
51.9
33.7
0
162.6
0
37.7
16.9
41.8
49.9
15.3
0.9
104.7
0
41.4
17
24.8
14.1
7.4
0.1
75.4
0
43.5
14
11.6
4.5
1.5
0.3
91.6
0
67.3
14.4
7.2
2
0.6
0.1
88.9
0
75.3
9.7
3.1
0.6
0.1
0
87.6
0
80.2
6
1.2
0.2
0
0
68.5
0
65.4
2.8
0.3
0
0
0
48.1
0
46.9
1.1
0.1
0
0
0
47.5
0
46.8
0.6
0
0
0
0
31.1
0
30.8
0.2
0
0
0
0
19
0
18.9
0.1
0
0
0
0
10.3
0
10.3
0
0
0
0
0
3.9
0
3.9
0
0
0
0
0
1.7
0
1.7
0
0
0
0
0
0.6
0
0.6
0
0
0
0
0
0.1
0
0.1
0
0
0
0
0
0
0
0
0
0
0
0
0
741.2
257.9
288.6
37.4
63.9
60.9
31.6
0.8
80.7
80.7
0
0
0
0
0
0
77.3
77.3
0
0
0
0
0
0
100
100
0
0
0
0
0
0
85.2
0
7.2
3.5
26.6
28.5
19.5
0
83
0
17
8.5
21.5
26.2
9
0.7
46.4
0
18.7
8.7
10.9
5.2
2.8
0
31.7
0
20.2
6.7
3.6
0.9
0.2
0.1
38.4
0
31.6
5.5
1.1
0.1
0
0
40
0
37
2.8
0.2
0
0
0
41.5
0
40.2
1.2
0
0
0
0
33.9
0
33.5
0.4
0
0
0
0
25.7
0
25.5
0.1
0
0
0
0
24
0
23.9
0
0
0
0
0
15.7
0
15.7
0
0
0
0
0
9.5
0
9.5
0
0
0
0
0
5.1
0
5.1
0
0
0
0
0
2
0
2
0
0
0
0
0
0.8
0
0.8
0
0
0
0
0
0.3
0
0.3
0
0
0
0
0
0
0
0
0
0
0
0
0
0
0
0
0
0
0
0
0
790.3
259.8
303.2
54.7
82.7
62.3
27
0.6
91.3
91.3
0
0
0
0
0
0
71.6
71.6
0
0
0
0
0
0
96.9
96.9
0
0
0
0
0
0
87
0
13.7
5.7
30
23.4
14.1
0
79.6
0
20.7
8.4
20.3
23.7
6.3
0.2
58.3
0
22.6
8.4
13.9
8.9
4.5
0
43.7
0
23.3
7.4
8
3.6
1.3
0.2
53.2
0
35.7
8.9
6.1
1.9
0.5
0.1
48.9
0
38.3
6.9
2.9
0.6
0.1
0
46.1
0
39.9
4.8
1.2
0.2
0
0
34.6
0
31.8
2.4
0.3
0
0
0
22.4
0
21.4
1
0.1
0
0
0
23.5
0
22.9
0.6
0
0
0
0
15.3
0
15.1
0.2
0
0
0
0
9.4
0
9.4
0.1
0
0
0
0
5.2
0
5.2
0
0
0
0
0
1.9
0
1.9
0
0
0
0
0
0.9
0
0.9
0
0
0
0
0
0.3
0
0.3
0
0
0
0
0
0.1
0
0.1
0
0
0
0
0
0
0
0
0
0
0
0
0
1797.3
614.4
570
98
178.9
205.6
124.2
6.2
296.5
296.5
0
0
0
0
0
0
166.8
166.8
0
0
0
0
0
0
151.1
151.1
0
0
0
0
0
0
201.1
0
13.8
6.1
52.7
78.5
50
0
175.2
0
21.3
9.3
35.6
67.9
37.8
3.3
164.4
0
38.1
17.1
42.3
37.8
28.2
0.9
105.3
0
41.6
17.1
24.9
14.2
5.9
1.5
75.5
0
43.6
14.1
11.6
4.5
1.5
0.3
91
0
66.8
14.3
7.2
2
0.6
0.1
87.5
0
74.1
9.6
3
0.6
0.1
0
84.7
0
77.5
5.8
1.2
0.2
0
0
64.8
0
61.8
2.7
0.3
0
0
0
43.8
0
42.8
1
0.1
0
0
0
41.4
0
40.8
0.6
0
0
0
0
25.3
0
25.1
0.2
0
0
0
0
13.6
0
13.6
0.1
0
0
0
0
6.4
0
6.4
0
0
0
0
0
1.9
0
1.9
0
0
0
0
0
0.6
0
0.6
0
0
0
0
0
0.2
0
0.2
0
0
0
0
0
0
0
0
0
0
0
0
0
871.3
305.5
270.8
39
77.3
103
71.6
4.2
149.2
149.2
0
0
0
0
0
0
77.9
77.9
0
0
0
0
0
0
78.3
78.3
0
0
0
0
0
0
102
0
3.8
1.6
24.4
42.5
29.7
0
86.9
0
7.3
3.5
15.2
35.2
23.1
2.6
84
0
17.3
8.6
21.8
19.1
16.5
0.7
46.6
0
18.8
8.7
10.9
5.2
2.1
0.8
31.7
0
20.2
6.7
3.6
0.9
0.2
0.1
38.1
0
31.3
5.5
1.1
0.1
0
0
39.1
0
36.1
2.7
0.2
0
0
0
39.7
0
38.5
1.2
0
0
0
0
31.5
0
31.2
0.4
0
0
0
0
22.9
0
22.8
0.1
0
0
0
0
20.3
0
20.3
0
0
0
0
0
12.3
0
12.3
0
0
0
0
0
6.6
0
6.6
0
0
0
0
0
3
0
3
0
0
0
0
0
0.9
0
0.9
0
0
0
0
0
0.3
0
0.3
0
0
0
0
0
0.1
0
0.1
0
0
0
0
0
0
0
0
0
0
0
0
0
926
308.9
299.2
59
101.6
102.6
52.5
2
147.3
147.3
0
0
0
0
0
0
88.9
88.9
0
0
0
0
0
0
72.8
72.8
0
0
0
0
0
0
99.1
0
10
4.6
28.2
36
20.3
0
88.4
0
14
5.8
20.4
32.7
14.8
0.7
80.4
0
20.9
8.5
20.5
18.7
11.7
0.2
58.8
0
22.8
8.4
14
9
3.8
0.7
43.8
0
23.4
7.4
8
3.6
1.3
0.2
52.9
0
35.5
8.9
6.1
1.9
0.5
0.1
48.4
0
37.9
6.8
2.8
0.6
0.1
0
45
0
39
4.7
1.2
0.2
0
0
33.3
0
30.7
2.3
0.3
0
0
0
20.9
0
19.9
0.9
0.1
0
0
0
21.1
0
20.5
0.5
0
0
0
0
13
0
12.8
0.2
0
0
0
0
7.1
0
7
0.1
0
0
0
0
3.4
0
3.4
0
0
0
0
0
1
0
1
0
0
0
0
0
0.4
0
0.3
0
0
0
0
0
0.1
0
0.1
0
0
0
0
0
0
0
0
0
0
0
0
0
2090.4
832.5
516
96
183.7
248.7
193.8
19.8
387
387
0
0
0
0
0
0
281
281
0
0
0
0
0
0
164.6
164.6
0
0
0
0
0
0
149.8
0
4.8
2
31
67.9
44
0
197.7
0
13.6
6
30.1
72.9
67.4
7.7
171.4
0
20.8
9.1
34.8
50.4
53.1
3.2
160.2
0
37.1
16.7
41.2
36.8
21.4
7
102.1
0
40.3
16.6
24.2
13.7
5.8
1.5
72.6
0
41.9
13.5
11.2
4.3
1.4
0.3
86.8
0
63.7
13.7
6.9
1.9
0.5
0.1
82
0
69.4
9
2.9
0.6
0.1
0
77.8
0
71.1
5.4
1.1
0.2
0
0
57.5
0
54.8
2.4
0.3
0
0
0
37.2
0
36.2
0.9
0.1
0
0
0
33
0
32.5
0.5
0
0
0
0
17.8
0
17.7
0.1
0
0
0
0
7.9
0
7.9
0
0
0
0
0
3.2
0
3.2
0
0
0
0
0
0.7
0
0.7
0
0
0
0
0
0.2
0
0.2
0
0
0
0
0
0
0
0
0
0
0
0
0
1016.7
412.9
239.2
37.8
76.8
121.3
114.4
14.3
195.3
195.3
0
0
0
0
0
0
140.9
140.9
0
0
0
0
0
0
76.7
76.7
0
0
0
0
0
0
77.5
0
0.9
0.4
14.6
35.3
26.3
0
100.5
0
3.8
1.5
10.9
37.1
41.1
6
85
0
7.2
3.5
14.8
24.2
32.8
2.5
81.7
0
16.8
8.4
21.2
18.6
11.8
4.9
45.1
0
18.2
8.4
10.6
5
2
0.8
30.4
0
19.4
6.4
3.4
0.8
0.2
0.1
36.1
0
29.7
5.2
1.1
0.1
0
0
36.3
0
33.5
2.5
0.2
0
0
0
35.8
0
34.7
1
0
0
0
0
27.3
0
27
0.3
0
0
0
0
18.9
0
18.9
0.1
0
0
0
0
15.5
0
15.5
0
0
0
0
0
8.3
0
8.3
0
0
0
0
0
3.6
0
3.6
0
0
0
0
0
1.4
0
1.4
0
0
0
0
0
0.3
0
0.3
0
0
0
0
0
0.1
0
0.1
0
0
0
0
0
0
0
0
0
0
0
0
0
1073.7
419.6
276.8
58.2
106.9
127.4
79.4
5.5
191.7
191.7
0
0
0
0
0
0
140.1
140.1
0
0
0
0
0
0
87.9
87.9
0
0
0
0
0
0
72.2
0
3.9
1.7
16.4
32.5
17.7
0
97.3
0
9.8
4.5
19.2
35.8
26.3
1.7
86.3
0
13.6
5.7
19.9
26.2
20.2
0.7
78.4
0
20.3
8.3
20
18.2
9.5
2.1
57
0
22.1
8.2
13.6
8.7
3.7
0.7
42.3
0
22.5
7.1
7.7
3.5
1.2
0.2
50.8
0
34.1
8.5
5.8
1.8
0.5
0.1
45.8
0
35.9
6.5
2.7
0.6
0.1
0
42.1
0
36.4
4.4
1.1
0.2
0
0
30.2
0
27.7
2.1
0.3
0
0
0
18.2
0
17.4
0.8
0.1
0
0
0
17.4
0
17
0.4
0
0
0
0
9.5
0
9.4
0.1
0
0
0
0
4.3
0
4.3
0
0
0
0
0
1.8
0
1.8
0
0
0
0
0
0.4
0
0.4
0
0
0
0
0
0.1
0
0.1
0
0
0
0
0
0
0
0
0
0
0
0
0
2491.9
1126.3
467
94.1
194.1
294
275.8
40.4
468.9
468.9
0
0
0
0
0
0
375.7
375.7
0
0
0
0
0
0
281.7
281.7
0
0
0
0
0
0
166.2
0
2.3
1.1
29.7
79.2
54
0
150.1
0
4.8
2
13.7
50.6
69.6
9.3
197
0
13.5
6
30
57.6
82.3
7.6
170.2
0
20.7
9.1
34.6
50
41.2
14.8
158.1
0
36.7
16.5
40.6
36.4
21.1
6.9
100.3
0
39.6
16.3
23.7
13.5
5.7
1.5
70.8
0
40.8
13.2
10.9
4.2
1.4
0.3
83.4
0
61.1
13.2
6.6
1.9
0.5
0.1
77.2
0
65.2
8.5
2.7
0.6
0.1
0
70.9
0
64.7
5
1
0.1
0
0
50.3
0
47.9
2.1
0.3
0
0
0
30.5
0
29.7
0.7
0.1
0
0
0
24
0
23.7
0.4
0
0
0
0
10.8
0
10.8
0.1
0
0
0
0
4.1
0
4
0
0
0
0
0
1.3
0
1.3
0
0
0
0
0
0.2
0
0.2
0
0
0
0
0
0
0
0
0
0
0
0
0
1216.4
566.9
211.1
36.8
77.8
133.4
160.8
29.7
236.8
236.8
0
0
0
0
0
0
189
189
0
0
0
0
0
0
141.1
141.1
0
0
0
0
0
0
77.5
0
0.3
0.1
12.9
35.1
29
0
77.8
0
0.9
0.4
3.5
25.1
40.8
7
100.1
0
3.7
1.5
10.9
24.9
53.1
5.9
84.4
0
7.1
3.4
14.7
24
24.1
11
80.6
0
16.5
8.3
20.9
18.3
11.6
4.9
44.1
0
17.8
8.2
10.4
4.9
2
0.7
29.5
0
18.8
6.2
3.3
0.8
0.2
0.1
34.3
0
28.2
4.9
1
0.1
0
0
33.5
0
30.9
2.3
0.2
0
0
0
31.9
0
30.9
0.9
0
0
0
0
23.2
0
23
0.3
0
0
0
0
14.9
0
14.9
0.1
0
0
0
0
10.8
0
10.8
0
0
0
0
0
4.8
0
4.8
0
0
0
0
0
1.7
0
1.7
0
0
0
0
0
0.5
0
0.5
0
0
0
0
0
0.1
0
0.1
0
0
0
0
0
0
0
0
0
0
0
0
0
1275.5
559.5
255.9
57.4
116.3
160.6
115.1
10.8
232.1
232.1
0
0
0
0
0
0
186.7
186.7
0
0
0
0
0
0
140.6
140.6
0
0
0
0
0
0
88.8
0
1.9
1
16.8
44
25
0
72.3
0
3.9
1.7
10.2
25.5
28.8
2.3
96.9
0
9.8
4.5
19.1
32.6
29.2
1.7
85.9
0
13.6
5.6
19.8
26
17.1
3.8
77.6
0
20.1
8.2
19.8
18
9.4
2
56.2
0
21.8
8.1
13.4
8.6
3.7
0.7
41.4
0
22.1
7
7.6
3.4
1.2
0.2
49.1
0
32.9
8.2
5.6
1.7
0.5
0.1
43.7
0
34.2
6.2
2.6
0.5
0.1
0
39.1
0
33.8
4.1
1
0.1
0
0
27.1
0
24.9
1.9
0.3
0
0
0
15.5
0
14.8
0.7
0.1
0
0
0
13.2
0
12.9
0.3
0
0
0
0
6.1
0
6
0.1
0
0
0
0
2.3
0
2.3
0
0
0
0
0
0.8
0
0.8
0
0
0
0
0
0.1
0
0.1
0
0
0
0
0
0
0
0
0
0
0
0
0
2911.3
1348.7
414.6
90.9
212.5
376.7
392.9
75
513
513
0
0
0
0
0
0
458.3
458.3
0
0
0
0
0
0
377.3
377.3
0
0
0
0
0
0
260.4
0
1.3
0.6
43.8
122.4
92.4
0
166.8
0
2.3
1.1
7.1
51.4
90.5
14.5
150.1
0
4.8
2
13.7
40.5
79.7
9.3
195.7
0
13.4
6
29.8
57.2
61.2
28.1
168.7
0
20.5
9
34.2
49.6
40.8
14.6
155.5
0
36.1
16.2
40
35.8
20.7
6.8
98.1
0
38.7
15.9
23.2
13.2
5.6
1.4
68.4
0
39.4
12.7
10.6
4.1
1.4
0.3
78.9
0
57.7
12.5
6.3
1.8
0.5
0.1
70.9
0
59.8
7.9
2.6
0.5
0.1
0
62.5
0
56.9
4.5
0.9
0.1
0
0
41.6
0
39.5
1.8
0.2
0
0
0
22.6
0
22
0.6
0
0
0
0
14.5
0
14.3
0.2
0
0
0
0
5.8
0
5.7
0.1
0
0
0
0
1.7
0
1.7
0
0
0
0
0
0.4
0
0.4
0
0
0
0
0
0.1
0
0.1
0
0
0
0
0
1424.9
679.9
182.3
35.3
85.5
165.5
222.9
53.5
259.4
259.4
0
0
0
0
0
0
230.8
230.8
0
0
0
0
0
0
189.6
189.6
0
0
0
0
0
0
129.1
0
0.3
0.1
20.5
57
51.2
0
77.8
0
0.3
0.1
1.3
21.2
45.5
9.4
77.7
0
0.9
0.4
3.5
15.1
50.8
7
99.3
0
3.7
1.5
10.8
24.7
37.9
20.7
83.5
0
7
3.4
14.6
23.8
23.9
10.9
79
0
16.2
8.1
20.5
18
11.4
4.8
42.9
0
17.3
8
10.1
4.8
1.9
0.7
28.1
0
17.9
5.9
3.2
0.8
0.2
0.1
31.8
0
26.1
4.6
0.9
0.1
0
0
30.1
0
27.8
2.1
0.2
0
0
0
27.2
0
26.4
0.8
0
0
0
0
18.5
0
18.3
0.2
0
0
0
0
10.6
0
10.5
0
0
0
0
0
6.1
0
6.1
0
0
0
0
0
2.4
0
2.4
0
0
0
0
0
0.7
0
0.7
0
0
0
0
0
0.1
0
0.1
0
0
0
0
0
0
0
0
0
0
0
0
0
1486.4
668.8
232.3
55.6
127.1
211.2
170
21.5
253.7
253.7
0
0
0
0
0
0
227.5
227.5
0
0
0
0
0
0
187.7
187.7
0
0
0
0
0
0
131.3
0
1
0.5
23.3
65.4
41.1
0
88.9
0
1.9
1
5.8
30.2
45
5.1
72.3
0
3.9
1.7
10.2
25.4
28.9
2.3
96.4
0
9.7
4.4
19
32.5
23.4
7.4
85.2
0
13.5
5.6
19.7
25.8
16.9
3.7
76.6
0
19.9
8.1
19.5
17.8
9.3
2
55.2
0
21.4
7.9
13.1
8.4
3.6
0.7
40.3
0
21.5
6.8
7.4
3.3
1.2
0.2
47.1
0
31.6
7.9
5.4
1.7
0.5
0.1
40.8
0
32
5.8
2.4
0.5
0.1
0
35.2
0
30.5
3.7
0.9
0.1
0
0
23.1
0
21.3
1.6
0.2
0
0
0
12
0
11.4
0.5
0
0
0
0
8.4
0
8.1
0.2
0
0
0
0
3.4
0
3.4
0.1
0
0
0
0
1
0
1
0
0
0
0
0
0.3
0
0.3
0
0
0
0
0
0
0
0
0
0
0
0
0
3368.2
1506.8
354.6
86.6
228.1
476.2
593
122.9
568.4
568.4
0
0
0
0
0
0
494.5
494.5
0
0
0
0
0
0
443.8
443.8
0
0
0
0
0
0
356.8
0
1
0.5
57.3
163.7
134.3
0
267.8
0
1.4
0.6
5.1
76.1
155.4
29.2
177.4
0
2.3
1.1
7.3
36.9
114
15.7
150.4
0
4.8
2
13.6
40.3
61.8
27.9
194.2
0
13.4
5.9
29.6
56.8
60.7
27.8
161.2
0
19.6
8.6
32.7
47.4
38.9
13.9
148.6
0
34.4
15.4
38.2
34.2
19.8
6.5
105.3
0
41.5
16.9
25
14.4
6.1
1.5
67.7
0
38.8
12.5
10.6
4.1
1.4
0.3
71.2
0
52.2
11.2
5.7
1.6
0.4
0.1
58.6
0
49.3
6.6
2.2
0.4
0.1
0
48.4
0
44.1
3.4
0.7
0.1
0
0
26.8
0
25.5
1.2
0.1
0
0
0
16
0
15.5
0.4
0
0
0
0
7.9
0
7.7
0.1
0
0
0
0
2.5
0
2.4
0
0
0
0
0
0.5
0
0.5
0
0
0
0
0
0.1
0
0.1
0
0
0
0
0
1658.9
760.7
150.9
33.2
91.6
205.6
330.6
86.2
287.7
287.7
0
0
0
0
0
0
249.5
249.5
0
0
0
0
0
0
223.5
223.5
0
0
0
0
0
0
181.7
0
0.3
0.1
27.8
78.8
74.8
0
131.5
0
0.3
0.1
1.1
31
80.8
18.2
87.4
0
0.4
0.2
1.4
10.8
64.1
10.5
79.6
0
1
0.4
3.6
15.5
37.8
21.4
98.1
0
3.7
1.5
10.7
24.4
37.4
20.4
79.3
0
6.7
3.2
13.8
22.6
22.7
10.3
74.9
0
15.3
7.7
19.4
17.1
10.9
4.5
41.6
0
16.8
7.8
9.8
4.7
1.9
0.7
26.2
0
16.7
5.5
3
0.7
0.2
0.1
29.6
0
24.4
4.3
0.9
0.1
0
0
24
0
22.1
1.7
0.1
0
0
0
21.2
0
20.6
0.6
0
0
0
0
11.9
0
11.8
0.1
0
0
0
0
6.8
0
6.7
0
0
0
0
0
3.1
0
3.1
0
0
0
0
0
0.9
0
0.9
0
0
0
0
0
0.2
0
0.2
0
0
0
0
0
0
0
0
0
0
0
0
0
1709.3
746
203.7
53.4
136.4
270.6
262.4
36.7
280.7
280.7
0
0
0
0
0
0
245
245
0
0
0
0
0
0
220.3
220.3
0
0
0
0
0
0
175.1
0
0.8
0.4
29.5
84.9
59.6
0
136.3
0
1.1
0.5
3.9
45.1
74.6
11
90
0
2
1
5.9
26.1
49.9
5.2
70.8
0
3.8
1.6
10
24.9
23.9
6.5
96.1
0
9.7
4.4
18.9
32.4
23.3
7.4
81.9
0
12.9
5.4
18.9
24.8
16.3
3.6
73.6
0
19.1
7.7
18.8
17.1
9
1.9
63.7
0
24.7
9.1
15.2
9.7
4.2
0.8
41.5
0
22.1
7
7.6
3.4
1.2
0.2
41.6
0
27.9
7
4.8
1.5
0.4
0.1
34.7
0
27.2
4.9
2
0.4
0.1
0
27.1
0
23.5
2.8
0.7
0.1
0
0
14.9
0
13.7
1
0.1
0
0
0
9.2
0
8.8
0.4
0
0
0
0
4.8
0
4.6
0.1
0
0
0
0
1.5
0
1.5
0
0
0
0
0
0.4
0
0.3
0
0
0
0
0
0.1
0
0.1
0
0
0
0
0
3905.7
1670.9
301.9
80.2
238.9
568.6
847.3
198
633.4
633.4
0
0
0
0
0
0
548.4
548.4
0
0
0
0
0
0
489.1
489.1
0
0
0
0
0
0
463.1
0
0.9
0.4
71.6
208.7
181.5
0
355.9
0
1
0.5
4
90.7
211.2
48.5
263.4
0
1.3
0.6
5
40.9
186.8
28.8
182.4
0
2.4
1.2
7.4
37.7
87.5
46.3
136.8
0
4.3
1.8
12.2
36.5
56.3
25.6
188.9
0
13
5.7
28.8
55.2
59.1
27.1
156.5
0
19
8.3
31.7
46
37.9
13.6
145.9
0
33.8
15.1
37.5
33.7
19.5
6.4
97.6
0
38.4
15.7
23.1
13.3
5.6
1.4
64.5
0
36.8
11.9
10.2
4
1.3
0.3
61.4
0
44.9
9.7
4.9
1.4
0.4
0.1
48
0
40.3
5.4
1.8
0.4
0.1
0
37.4
0
34.1
2.7
0.6
0.1
0
0
20.1
0
19.1
0.9
0.1
0
0
0
8.7
0
8.4
0.2
0
0
0
0
3.3
0
3.3
0.1
0
0
0
0
0.8
0
0.8
0
0
0
0
0
0.1
0
0.1
0
0
0
0
0
1932.2
845.3
127
31
97.4
240.3
457.3
133.9
320.9
320.9
0
0
0
0
0
0
277.7
277.7
0
0
0
0
0
0
246.7
246.7
0
0
0
0
0
0
233.7
0
0.3
0.1
34.8
100
98.4
0
173.6
0
0.3
0.1
1
35
109
28.3
129.7
0
0.3
0.1
1.1
12
98.3
18
91.5
0
0.4
0.2
1.5
11.3
45.5
32.6
73.5
0
0.9
0.3
3.3
14.3
34.9
19.8
95.8
0
3.6
1.5
10.4
23.9
36.6
20
77.1
0
6.5
3.1
13.4
22
22.1
10.1
72.9
0
14.9
7.5
18.9
16.7
10.6
4.4
39.6
0
15.9
7.4
9.3
4.5
1.8
0.7
24.2
0
15.4
5.1
2.8
0.7
0.2
0.1
25
0
20.6
3.6
0.7
0.1
0
0
19.7
0
18.2
1.4
0.1
0
0
0
16.2
0
15.7
0.5
0
0
0
0
9.4
0
9.3
0.1
0
0
0
0
3.4
0
3.4
0
0
0
0
0
1.2
0
1.2
0
0
0
0
0
0.3
0
0.3
0
0
0
0
0
0
0
0
0
0
0
0
0
1973.5
825.6
174.8
49.2
141.5
328.4
389.9
64
312.5
312.5
0
0
0
0
0
0
270.6
270.6
0
0
0
0
0
0
242.4
242.4
0
0
0
0
0
0
229.3
0
0.6
0.3
36.7
108.6
83.1
0
182.3
0
0.8
0.4
3
55.7
102.2
20.2
133.6
0
1
0.5
3.9
29
88.5
10.8
90.9
0
2
1
5.9
26.4
42
13.6
63.4
0
3.4
1.4
8.9
22.3
21.5
5.8
93.1
0
9.4
4.3
18.3
31.3
22.6
7.1
79.4
0
12.5
5.2
18.3
24.1
15.8
3.5
73
0
18.9
7.7
18.6
17
8.9
1.9
58
0
22.5
8.3
13.8
8.9
3.8
0.7
40.3
0
21.4
6.8
7.4
3.3
1.2
0.2
36.3
0
24.3
6.1
4.2
1.3
0.4
0.1
28.3
0
22.1
4
1.7
0.4
0.1
0
21.2
0
18.4
2.2
0.6
0.1
0
0
10.7
0
9.8
0.7
0.1
0
0
0
5.3
0
5
0.2
0
0
0
0
2.1
0
2.1
0.1
0
0
0
0
0.5
0
0.5
0
0
0
0
0
0.1
0
0.1
0
0
0
0
0
4549.1
1946.1
243.9
71.7
233.1
616.2
1136.3
301.8
782.8
782.8
0
0
0
0
0
0
618.4
618.4
0
0
0
0
0
0
544.9
544.9
0
0
0
0
0
0
488.2
0
0.8
0.6
72.9
217.1
196.9
0
456.6
0
0.9
0.4
3.4
101.1
279.5
71.2
354.2
0
1
0.5
3.9
40.8
259.5
48.4
256.8
0
1.3
0.6
4.8
39.8
143.9
66.4
175.9
0
2.3
1.1
7.1
36.3
84.4
44.7
131.5
0
4.1
1.7
11.7
35.1
54.2
24.7
180.3
0
12.4
5.5
27.4
52.7
56.4
25.8
149.7
0
18.2
8
30.4
44.1
36.2
12.9
138.5
0
32
14.3
35.5
32
18.6
6.1
88.4
0
34.6
14.2
21
12.2
5.1
1.3
56.3
0
32
10.4
8.9
3.5
1.2
0.2
50.1
0
36.5
8
4.1
1.2
0.3
0.1
34.8
0
29.2
4
1.3
0.3
0.1
0
25.9
0
23.6
1.9
0.4
0.1
0
0
10.8
0
10.2
0.5
0.1
0
0
0
3.7
0
3.6
0.1
0
0
0
0
1.1
0
1.1
0
0
0
0
0
0.2
0
0.2
0
0
0
0
0
2260.2
985.9
99
27.4
95
256.3
598
198.6
396.7
396.7
0
0
0
0
0
0
313.5
313.5
0
0
0
0
0
0
275.7
275.7
0
0
0
0
0
0
244.9
0
0.3
0.1
35.8
103.9
104.9
0
229.4
0
0.3
0.1
0.9
39.2
148.5
40.3
174.8
0
0.3
0.1
1
13.3
131.7
28.6
126.9
0
0.3
0.1
1.1
11.7
68.1
45.7
88.3
0
0.4
0.2
1.4
10.9
43.9
31.5
70.7
0
0.9
0.3
3.2
13.7
33.6
19.1
90.9
0
3.4
1.4
9.8
22.6
34.7
19
72.7
0
6.1
2.9
12.6
20.7
20.9
9.5
68.2
0
13.8
7
17.6
15.6
10
4.2
35.6
0
14.2
6.6
8.4
4.1
1.7
0.6
20.8
0
13.2
4.4
2.4
0.6
0.2
0.1
19.8
0
16.2
2.9
0.6
0.1
0
0
13.9
0
12.8
1
0.1
0
0
0
11
0
10.7
0.3
0
0
0
0
4.6
0
4.6
0.1
0
0
0
0
1.3
0
1.3
0
0
0
0
0
0.3
0
0.3
0
0
0
0
0
0.1
0
0.1
0
0
0
0
0
2288.9
960.1
144.9
44.2
138.2
359.9
538.3
103.2
386.1
386.1
0
0
0
0
0
0
304.9
304.9
0
0
0
0
0
0
269.1
269.1
0
0
0
0
0
0
243.3
0
0.6
0.5
37.1
113.2
92
0
227.1
0
0.6
0.3
2.4
61.9
131
30.9
179.3
0
0.8
0.4
3
27.5
127.9
19.8
129.9
0
1
0.5
3.8
28.1
75.8
20.7
87.7
0
1.9
1
5.7
25.5
40.5
13.1
60.7
0
3.3
1.4
8.6
21.3
20.6
5.6
89.4
0
9
4.1
17.6
30.1
21.7
6.9
76.9
0
12.1
5
17.8
23.3
15.3
3.4
70.3
0
18.1
7.4
17.9
16.4
8.6
1.9
52.9
0
20.4
7.6
12.6
8.1
3.5
0.7
35.6
0
18.9
6
6.5
2.9
1
0.2
30.3
0
20.2
5.1
3.5
1.1
0.3
0.1
20.9
0
16.4
3
1.3
0.3
0.1
0
14.9
0
12.9
1.6
0.4
0.1
0
0
6.2
0
5.7
0.4
0.1
0
0
0
2.4
0
2.3
0.1
0
0
0
0
0.7
0
0.7
0
0
0
0
0
0.1
0
0.1
0
0
0
0
0
5301.1
2315.2
188.8
61.6
228.2
649.4
1450
407.9
938.7
938.7
0
0
0
0
0
0
762.3
762.3
0
0
0
0
0
0
614.2
614.2
0
0
0
0
0
0
536.4
0
0.8
0.3
78
236.4
220.9
0
472
0
0.8
0.6
2.9
90.1
301.6
76
441.9
0
0.9
0.4
3.3
39.5
323.4
74.4
349.8
0
1
0.5
3.9
40.2
221.3
83
248.3
0
1.2
0.5
4.7
38.5
139.1
64.3
168.8
0
2.2
1.1
6.9
34.8
81
42.8
126.3
0
3.9
1.6
11.2
33.7
52.1
23.7
170.8
0
11.7
5.2
26
50
53.4
24.5
141
0
17
7.5
28.6
41.6
34.1
12.2
127.7
0
29.3
13.1
32.7
29.7
17.3
5.6
77.2
0
30
12.3
18.4
10.8
4.6
1.2
46.7
0
26.4
8.6
7.5
3
1
0.2
37.4
0
27
6
3.1
0.9
0.3
0
21.9
0
18.3
2.5
0.8
0.2
0
0
14
0
12.6
1.1
0.2
0
0
0
4.5
0
4.3
0.2
0
0
0
0
1.2
0
1.1
0
0
0
0
0
0.3
0
0.2
0
0
0
0
0
2634
1172.9
73.2
23.3
93.6
268.8
736.2
265.9
476
476
0
0
0
0
0
0
385.5
385.5
0
0
0
0
0
0
311.3
311.3
0
0
0
0
0
0
271
0
0.3
0.1
38.9
114.2
117.6
0
231.7
0
0.3
0.1
1
33.5
154.3
42.5
217
0
0.3
0.1
0.9
14.3
158.8
42.6
173.6
0
0.3
0.1
1
13.1
102.5
56.6
122.8
0
0.3
0.1
1.1
11.3
65.9
44.2
84.5
0
0.4
0.2
1.4
10.4
42
30.2
68
0
0.8
0.3
3
13.2
32.3
18.3
85.5
0
3.1
1.3
9.2
21.3
32.7
17.9
67.6
0
5.6
2.7
11.7
19.3
19.5
8.9
61.7
0
12.3
6.2
15.9
14.3
9.1
3.9
30.4
0
12
5.7
7.2
3.5
1.5
0.6
16.8
0
10.6
3.6
2
0.5
0.1
0
14.1
0
11.6
2.1
0.4
0.1
0
0
8.8
0
8.1
0.6
0
0
0
0
5.4
0
5.2
0.2
0
0
0
0
1.8
0
1.8
0
0
0
0
0
0.4
0
0.4
0
0
0
0
0
0.1
0
0.1
0
0
0
0
0
2667.1
1142.3
115.6
38.3
134.6
380.6
713.7
142
462.6
462.6
0
0
0
0
0
0
376.8
376.8
0
0
0
0
0
0
302.9
302.9
0
0
0
0
0
0
265.4
0
0.5
0.3
39.2
122.2
103.3
0
240.3
0
0.5
0.5
1.9
56.7
147.3
33.4
224.8
0
0.6
0.3
2.4
25.2
164.6
31.8
176.2
0
0.8
0.4
2.9
27.1
118.8
26.3
125.5
0
1
0.5
3.6
27.2
73.2
20
84.3
0
1.8
0.9
5.5
24.5
38.9
12.6
58.3
0
3.1
1.3
8.2
20.5
19.8
5.4
85.3
0
8.6
3.9
16.8
28.8
20.7
6.6
73.4
0
11.5
4.8
16.9
22.3
14.7
3.2
66
0
16.9
6.9
16.8
15.5
8.1
1.8
46.7
0
17.9
6.7
11.1
7.2
3.1
0.6
29.8
0
15.7
5
5.5
2.5
0.9
0.2
23.3
0
15.5
3.9
2.7
0.9
0.3
0
13.1
0
10.2
1.9
0.8
0.2
0
0
8.6
0
7.4
0.9
0.2
0
0
0
2.8
0
2.5
0.2
0
0
0
0
0.8
0
0.8
0
0
0
0
0
0.2
0
0.2
0
0
0
0
0
5773
2552.4
123
44.6
206.3
647.9
1718.4
480.3
922.7
922.7
0
0
0
0
0
0
893.8
893.8
0
0
0
0
0
0
735.9
735.9
0
0
0
0
0
0
574
0
0.9
0.3
81.8
251
240
0
502.2
0
0.7
0.3
2.9
80.2
339.1
78.9
438.3
0
0.7
0.5
2.7
35.6
318.4
80.4
412.2
0
0.8
0.4
3.1
36.7
281.1
90.1
323.1
0
0.9
0.4
3.6
37
204.2
76.9
222.7
0
1.1
0.5
4.2
34.5
124.7
57.7
148.6
0
1.9
0.9
6
30.7
71.3
37.7
110.6
0
3.4
1.4
9.8
29.4
45.7
20.9
149.5
0
10.1
4.5
22.6
43.8
46.9
21.6
117.1
0
13.9
6.1
23.5
34.6
28.6
10.3
101.6
0
22.9
10.3
25.9
23.9
14
4.6
56.6
0
21.7
9
13.5
8
3.4
0.9
28.9
0
16.2
5.3
4.7
1.9
0.7
0.1
17
0
12.2
2.7
1.4
0.4
0.1
0
11.2
0
9.3
1.3
0.5
0.1
0
0
5.4
0
4.9
0.4
0.1
0
0
0
1.2
0
1.1
0.1
0
0
0
0
0.2
0
0.2
0
0
0
0
0
2886.4
1293.7
45.6
16.8
86.5
271.6
856.7
315.6
469.6
469.6
0
0
0
0
0
0
452.3
452.3
0
0
0
0
0
0
371.8
371.8
0
0
0
0
0
0
289.4
0
0.4
0.1
40.9
121.1
126.9
0
252.9
0
0.3
0.1
1.1
30.9
174.5
46
214.7
0
0.2
0.1
0.9
13.8
152.5
47.2
203.7
0
0.2
0.1
0.8
13.4
129.2
59.9
161.5
0
0.2
0.1
0.9
12.2
95.3
52.8
110.2
0
0.2
0.1
0.9
10.1
59.1
39.8
74.2
0
0.3
0.1
1.2
9.1
36.9
26.6
59.9
0
0.7
0.3
2.6
11.6
28.5
16.2
74.7
0
2.7
1.1
7.9
18.5
28.7
15.8
56.7
0
4.5
2.2
9.6
16.2
16.5
7.6
49.5
0
9.6
4.9
12.7
11.6
7.5
3.2
22.3
0
8.7
4.1
5.3
2.7
1.1
0.4
10.2
0
6.4
2.2
1.2
0.3
0.1
0
6.5
0
5.3
1
0.2
0
0
0
3.9
0
3.6
0.3
0
0
0
0
1.8
0
1.7
0.1
0
0
0
0
0.4
0
0.4
0
0
0
0
0
0.1
0
0.1
0
0
0
0
0
2886.5
1258.7
77.5
27.9
119.8
376.3
861.7
164.6
453.1
453.1
0
0
0
0
0
0
441.5
441.5
0
0
0
0
0
0
364.1
364.1
0
0
0
0
0
0
284.5
0
0.5
0.2
40.9
129.8
113.1
0
249.3
0
0.4
0.2
1.8
49.3
164.7
32.9
223.6
0
0.5
0.4
1.8
21.9
165.9
33.1
208.5
0
0.6
0.3
2.2
23.3
151.9
30.2
161.6
0
0.7
0.3
2.7
24.8
108.9
24.2
112.5
0
0.9
0.4
3.2
24.3
65.6
18
74.3
0
1.6
0.8
4.8
21.6
34.4
11.2
50.7
0
2.7
1.1
7.1
17.8
17.2
4.7
74.8
0
7.4
3.4
14.7
25.2
18.2
5.8
60.4
0
9.4
3.9
13.9
18.4
12.1
2.7
52.1
0
13.2
5.4
13.2
12.3
6.5
1.4
34.2
0
13
4.9
8.2
5.4
2.3
0.5
18.7
0
9.8
3.2
3.5
1.6
0.6
0.1
10.5
0
6.9
1.8
1.2
0.4
0.1
0
7.4
0
5.7
1.1
0.5
0.1
0
0
3.7
0
3.2
0.4
0.1
0
0
0
0.8
0
0.8
0.1
0
0
0
0
0.2
0
0.2
0
0
0
0
0
6176.1
2643.4
75.2
31.7
192
676.8
2019
538.1
892.4
892.4
0
0
0
0
0
0
884.7
884.7
0
0
0
0
0
0
866.3
866.3
0
0
0
0
0
0
691.7
0
1.4
2.5
94.6
300.5
292.5
0
534.3
0
0.8
0.3
4.3
71.4
380.7
76.8
464.4
0
0.7
0.3
2.7
38
336.8
86.1
408.9
0
0.7
0.5
2.5
33.2
288.8
83.2
385.7
0
0.7
0.3
2.9
34.3
262.8
84.6
290.5
0
0.8
0.4
3.2
33.3
183.7
69.1
193.4
0
1
0.4
3.6
30.1
108.4
50
128.3
0
1.6
0.8
5.1
26.4
61.6
32.7
93.8
0
2.8
1.2
8.2
24.9
38.9
17.9
122.6
0
8.1
3.7
18.3
36
38.6
17.9
85.6
0
9.8
4.4
16.9
25.4
21.3
7.8
71.4
0
15.6
7.1
18.1
17.1
10.2
3.4
36.3
0
13.7
5.7
8.7
5.3
2.3
0.6
10.9
0
6.1
2
1.8
0.7
0.2
0.1
8.7
0
6.2
1.4
0.8
0.2
0.1
0
4.4
0
3.6
0.6
0.2
0
0
0
1.5
0
1.3
0.1
0
0
0
0
0.2
0
0.2
0
0
0
0
0
3096.2
1343.3
26.5
12
83.1
289.4
992
350
455.6
455.6
0
0
0
0
0
0
449.6
449.6
0
0
0
0
0
0
438.1
438.1
0
0
0
0
0
0
349.3
0
0.7
1.3
47.7
145.4
154.1
0
267.1
0
0.4
0.1
1.7
28.1
191.3
45.6
230.6
0
0.3
0.1
1
15.9
161.9
51.4
199.8
0
0.2
0.1
0.9
12.8
133.7
52.2
191.9
0
0.2
0.1
0.8
12.6
121.7
56.5
144
0
0.2
0.1
0.8
10.9
85
47.1
94.3
0
0.2
0.1
0.8
8.6
50.5
34.1
64.2
0
0.3
0.1
1
7.8
31.9
23.1
50.9
0
0.6
0.2
2.2
9.8
24.2
13.9
60.5
0
2
0.9
6.2
14.9
23.4
13
42.4
0
3.2
1.6
7
12.2
12.5
5.9
35.5
0
6.6
3.4
9
8.5
5.6
2.4
14
0
5.3
2.6
3.4
1.7
0.7
0.3
4.3
0
2.7
0.9
0.5
0.1
0
0
2.7
0
2.2
0.4
0.1
0
0
0
1.1
0
1
0.1
0
0
0
0
0.3
0
0.3
0
0
0
0
0
0
0
0
0
0
0
0
0
3079.9
1300.1
48.6
19.7
108.9
387.4
1027
188.1
436.7
436.7
0
0
0
0
0
0
435.2
435.2
0
0
0
0
0
0
428.2
428.2
0
0
0
0
0
0
342.4
0
0.7
1.2
46.9
155.1
138.5
0
267.2
0
0.5
0.2
2.6
43.3
189.4
31.3
233.9
0
0.4
0.2
1.7
22
174.8
34.7
209.1
0
0.5
0.4
1.6
20.5
155.1
31
193.8
0
0.5
0.3
2.1
21.7
141.2
28.1
146.5
0
0.6
0.3
2.4
22.5
98.7
21.9
99.1
0
0.8
0.4
2.8
21.4
57.9
15.8
64.1
0
1.4
0.7
4.1
18.6
29.7
9.7
42.9
0
2.3
1
6
15.1
14.6
4
62.1
0
6.1
2.8
12.1
21
15.2
4.9
43.2
0
6.6
2.8
9.9
13.2
8.8
2
35.9
0
8.9
3.7
9.1
8.6
4.6
1
22.3
0
8.3
3.2
5.4
3.6
1.6
0.3
6.5
0
3.4
1.1
1.2
0.6
0.2
0
6.1
0
4
1
0.7
0.2
0.1
0
3.3
0
2.6
0.5
0.2
0
0
0
1.2
0
1
0.1
0
0
0
0
0.2
0
0.2
0
0
0
0
0
6854
2613.1
51.9
24
175.7
780.1
2529.8
679.4
858.6
858.6
0
0
0
0
0
0
881.4
881.4
0
0
0
0
0
0
873.1
873.1
0
0
0
0
0
0
845
0
1.7
2.5
92.5
394.9
353.3
0
678
0
0.7
0.3
4.4
72.7
493.2
106.6
529.7
0
0.5
0.3
2.6
35.2
382.4
108.7
453
0
0.7
0.2
2.3
30.2
321
98.6
402.3
0
0.7
0.5
2.5
32.7
284.1
81.9
361.1
0
0.7
0.3
2.7
32.2
246.4
78.7
291.7
0
0.8
0.4
3.2
33.7
184.8
68.8
207.8
0
1
0.4
3.8
32
116.3
54.2
122.2
0
1.5
0.7
4.8
24.9
58.7
31.5
86
0
2.5
1
7.3
22.6
35.8
16.7
104.8
0
6.6
3
15.3
30.6
33.5
15.8
71.1
0
7.7
3.5
13.7
21.2
18.1
6.8
53.5
0
11.1
5.2
13.4
13
7.9
2.8
24
0
8.8
3.7
5.8
3.7
1.6
0.4
5.7
0
3.1
1
0.9
0.4
0.1
0
3.5
0
2.4
0.6
0.4
0.1
0
0
1.3
0
1
0.2
0.1
0
0
0
0.3
0
0.3
0
0
0
0
0
3449.7
1335.2
17.8
8.7
76.6
341.2
1237.5
432.6
440.9
440.9
0
0
0
0
0
0
450.7
450.7
0
0
0
0
0
0
443.7
443.7
0
0
0
0
0
0
425.6
0
0.9
1.3
46.4
192.8
184.3
0
342.1
0
0.3
0
1.7
29.1
248.7
62.3
266.7
0
0.3
0
1.1
15.2
186.2
64
224.6
0
0.2
0
0.7
11.9
151.3
60.5
196.5
0
0.2
0.1
0.8
12.5
131.4
51.4
175.8
0
0.2
0.1
0.7
11.5
111.4
51.9
140.9
0
0.2
0.1
0.8
10.6
83.1
46.2
103.1
0
0.2
0.1
0.9
9.4
55.2
37.4
62
0
0.2
0.1
1
7.5
30.8
22.4
47.4
0
0.5
0.2
2
9
22.6
13.1
53.4
0
1.7
0.7
5.3
13.1
20.8
11.7
35.9
0
2.5
1.3
5.8
10.3
10.8
5.2
28.9
0
5.1
2.7
7.2
7
4.7
2.1
8.6
0
3.2
1.6
2.1
1.1
0.5
0.2
1.9
0
1.2
0.4
0.2
0.1
0
0
0.8
0
0.6
0.1
0
0
0
0
0.2
0
0.2
0
0
0
0
0
0
0
0
0
0
0
0
0
3404.3
1277.9
34
15.3
99.1
438.9
1292.2
246.8
417.7
417.7
0
0
0
0
0
0
430.7
430.7
0
0
0
0
0
0
429.4
429.4
0
0
0
0
0
0
419.4
0
0.8
1.3
46.1
202.1
169.1
0
335.9
0
0.3
0.3
2.7
43.7
244.5
44.3
263
0
0.3
0.3
1.6
20
196.2
44.7
228.4
0
0.5
0.2
1.6
18.3
169.7
38.1
205.8
0
0.5
0.4
1.6
20.1
152.7
30.5
185.2
0
0.5
0.2
2
20.7
134.9
26.9
150.9
0
0.6
0.3
2.5
23.1
101.7
22.6
104.6
0
0.8
0.4
3
22.6
61.1
16.8
60.2
0
1.3
0.6
3.8
17.4
27.9
9.1
38.5
0
2
0.9
5.3
13.6
13.2
3.6
51.4
0
4.9
2.3
9.9
17.5
12.7
4.1
35.2
0
5.2
2.2
8
10.9
7.3
1.6
24.6
0
6
2.5
6.2
6
3.2
0.7
15.5
0
5.7
2.2
3.7
2.6
1.1
0.2
3.8
0
1.9
0.6
0.7
0.3
0.1
0
2.7
0
1.8
0.5
0.3
0.1
0
0
1.1
0
0.8
0.2
0.1
0
0
0
0.3
0
0.2
0
0
0
0
0
7641.6
2731
34.4
16.4
138.4
812.5
3059
849.9
1004.8
1004.8
0
0
0
0
0
0
845.8
845.8
0
0
0
0
0
0
880.4
880.4
0
0
0
0
0
0
866.8
0
0.9
1.7
71.1
434.3
358.8
0
835
0
0.8
0
4.2
67.9
620
142
647.9
0
0.6
0.3
2.3
33
466
145.6
507
0
0.5
0.3
2
26.6
359.9
117.8
444.8
0
0.7
0.2
2.2
29.6
315.1
96.9
397.1
0
0.7
0.5
2.4
32.2
280.4
81
352.1
0
0.7
0.3
2.6
31.4
240.3
76.8
285
0
0.8
0.4
3.1
32.9
180.5
67.3
198.5
0
0.9
0.4
3.6
30.5
111.1
52
113.5
0
1.4
0.7
4.4
23.1
54.5
29.4
75.3
0
2.1
0.9
6.3
19.8
31.4
14.8
84.7
0
5.2
2.4
12.1
24.8
27.3
13
53
0
5.6
2.5
10.1
15.9
13.7
5.2
33.5
0
6.7
3.2
8.3
8.3
5.1
1.8
12.8
0
4.6
1.9
3.1
2
0.9
0.2
2.3
0
1.2
0.4
0.4
0.2
0.1
0
1.1
0
0.7
0.2
0.1
0
0
0
0.3
0
0.2
0
0
0
0
0
3852.4
1401
10.9
5.3
59
359.8
1487.9
528.5
516.6
516.6
0
0
0
0
0
0
433.9
433.9
0
0
0
0
0
0
450.5
450.5
0
0
0
0
0
0
440.5
0
0.4
0.9
36.1
215.9
187.2
0
419.9
0
0.4
0
1.7
27.3
309.6
81
327.1
0
0.3
0
1
14.4
227.1
84.3
255.6
0
0.3
0
0.8
11
172.6
71
220.1
0
0.2
0
0.7
11.7
148.3
59.3
193.9
0
0.2
0.1
0.8
12.3
129.6
50.8
170.6
0
0.2
0.1
0.7
11.1
108.1
50.4
137.1
0
0.2
0.1
0.7
10.2
80.7
45.1
98.2
0
0.2
0.1
0.8
8.9
52.5
35.8
57.3
0
0.2
0.1
0.9
6.8
28.4
20.9
41
0
0.4
0.2
1.7
7.7
19.6
11.5
42.2
0
1.2
0.5
4
10.3
16.6
9.5
25.6
0
1.7
0.9
4
7.4
7.9
3.8
17.6
0
3
1.6
4.3
4.4
3
1.4
3.7
0
1.3
0.7
0.9
0.5
0.2
0.1
0.6
0
0.4
0.1
0.1
0
0
0
0.2
0
0.1
0
0
0
0
0
0
0
0
0
0
0
0
0
3789.3
1330
23.6
11.1
79.4
452.7
1571.1
321.3
488.2
488.2
0
0
0
0
0
0
411.9
411.9
0
0
0
0
0
0
429.9
429.9
0
0
0
0
0
0
426.3
0
0.4
0.9
35
218.5
171.6
0
415.1
0
0.4
0
2.5
40.7
310.5
61
320.8
0
0.3
0.3
1.3
18.6
238.9
61.3
251.4
0
0.3
0.3
1.3
15.6
187.3
46.8
224.6
0
0.4
0.2
1.6
18
166.9
37.5
203.2
0
0.5
0.4
1.6
19.9
150.7
30.2
181.4
0
0.5
0.2
1.9
20.2
132.2
26.3
147.9
0
0.6
0.3
2.4
22.6
99.7
22.2
100.3
0
0.7
0.4
2.8
21.6
58.6
16.1
56.2
0
1.2
0.6
3.5
16.2
26.1
8.6
34.4
0
1.7
0.7
4.7
12.1
11.8
3.3
42.4
0
3.9
1.8
8.1
14.5
10.7
3.5
27.4
0
3.9
1.7
6.1
8.6
5.8
1.3
15.8
0
3.7
1.6
4
3.9
2.1
0.5
9.1
0
3.3
1.3
2.2
1.6
0.7
0.1
1.7
0
0.9
0.3
0.3
0.2
0.1
0
0.9
0
0.6
0.2
0.1
0
0
0
0.3
0
0.2
0
0
0
0
0
8549.9
3002.4
23.3
11
99.6
810.7
3565.8
1037.1
NA
NA
NA
1165.1
1165.1
0
0
0
0
0
0
NA
NA
NA
995.1
995.1
0
0
0
0
0
0
NA
NA
NA
842.2
842.2
0
0
0
0
0
0
NA
NA
NA
867.4
0
0.9
1.3
47.7
463.1
354.5
0
NA
NA
NA
845.2
0
0.8
0
2.5
46.8
640.7
154.4
NA
NA
NA
812.8
0
0.8
0
2
29.6
582.2
198.1
NA
NA
NA
629.9
0
0.3
0.3
1.6
23.9
449
154.7
NA
NA
NA
493
0
0.5
0.2
2
25.9
350
114.5
NA
NA
NA
433.3
0
0.6
0.2
2.2
28.9
307.1
94.3
NA
NA
NA
386.9
0
0.6
0.4
2.3
31.4
273.2
78.9
NA
NA
NA
340.8
0
0.7
0.3
2.5
30.4
232.6
74.3
NA
NA
NA
271.2
0
0.8
0.4
3
31.3
171.8
64
NA
NA
NA
182.9
0
0.9
0.4
3.3
28.1
102.4
47.9
NA
NA
NA
99.8
0
1.2
0.6
3.8
20.4
47.9
25.9
NA
NA
NA
61.8
0
1.7
0.7
5.2
16.4
25.7
12.1
NA
NA
NA
63.4
0
3.8
1.8
9
18.7
20.3
9.7
NA
NA
NA
34.5
0
3.6
1.7
6.5
10.5
8.9
3.3
NA
NA
NA
17.8
0
3.5
1.7
4.4
4.5
2.8
1
NA
NA
NA
5.6
0
2
0.8
1.4
0.9
0.4
0.1
NA
NA
NA
0.8
0
0.4
0.1
0.1
0.1
0
0
NA
NA
NA
0.3
0
0.2
0
0
0
0
0
NA
NA
NA
4298.6
1541.1
6.6
3.2
40
363
1717.1
627.7
NA
NA
NA
598.1
598.1
0
0
0
0
0
0
NA
NA
NA
511.2
511.2
0
0
0
0
0
0
NA
NA
NA
431.9
431.9
0
0
0
0
0
0
NA
NA
NA
443.4
0
0.4
0.9
24.4
233.5
184.3
0
NA
NA
NA
427.8
0
0.4
0
0.9
19.2
320.1
87.2
NA
NA
NA
406.4
0
0.4
0
0.8
13
280.6
111.7
NA
NA
NA
315.8
0
0
0
0.6
10.1
214.8
90.3
NA
NA
NA
246.6
0
0.2
0
0.7
10.6
166.5
68.6
NA
NA
NA
212.9
0
0.2
0
0.6
11.2
143.4
57.5
NA
NA
NA
187.6
0
0.2
0.1
0.8
11.9
125.4
49.3
NA
NA
NA
163.8
0
0.2
0.1
0.6
10.6
103.7
48.6
NA
NA
NA
128.9
0
0.2
0.1
0.7
9.6
75.8
42.6
NA
NA
NA
88.9
0
0.2
0
0.7
7.9
47.4
32.7
NA
NA
NA
49
0
0.2
0.1
0.7
5.8
24.2
18.1
NA
NA
NA
32.2
0
0.3
0.1
1.2
6
15.4
9.2
NA
NA
NA
29.2
0
0.8
0.3
2.7
7
11.6
6.8
NA
NA
NA
15
0
0.9
0.5
2.2
4.3
4.7
2.3
NA
NA
NA
8.3
0
1.4
0.7
2
2.1
1.4
0.7
NA
NA
NA
1.3
0
0.5
0.2
0.3
0.2
0.1
0
NA
NA
NA
0.1
0
0.1
0
0
0
0
0
NA
NA
NA
0
0
0
0
0
0
0
0
NA
NA
NA
4251.3
1461.3
16.8
7.8
59.7
447.7
1848.7
409.4
NA
NA
NA
567
567
0
0
0
0
0
0
NA
NA
NA
484
484
0
0
0
0
0
0
NA
NA
NA
410.4
410.4
0
0
0
0
0
0
NA
NA
NA
424
0
0.4
0.4
23.3
229.6
170.2
0
NA
NA
NA
417.4
0
0.4
0
1.7
27.6
320.6
67.2
NA
NA
NA
406.4
0
0.4
0
1.2
16.6
301.7
86.5
NA
NA
NA
314
0
0.3
0.3
0.9
13.8
234.3
64.4
NA
NA
NA
246.4
0
0.2
0.2
1.2
15.3
183.5
45.9
NA
NA
NA
220.4
0
0.4
0.2
1.5
17.6
163.7
36.8
NA
NA
NA
199.2
0
0.4
0.4
1.6
19.5
147.8
29.6
NA
NA
NA
177
0
0.5
0.2
1.9
19.7
129
25.7
NA
NA
NA
142.3
0
0.6
0.3
2.3
21.7
96
21.4
NA
NA
NA
94.1
0
0.7
0.3
2.6
20.2
55
15.2
NA
NA
NA
50.7
0
1
0.5
3.1
14.6
23.6
7.8
NA
NA
NA
29.6
0
1.4
0.6
4
10.4
10.3
2.9
NA
NA
NA
34.1
0
3
1.4
6.4
11.7
8.7
2.9
NA
NA
NA
19.6
0
2.7
1.2
4.3
6.2
4.2
1
NA
NA
NA
9.6
0
2.2
0.9
2.4
2.4
1.3
0.3
NA
NA
NA
4.3
0
1.5
0.6
1
0.8
0.3
0.1
NA
NA
NA
0.6
0
0.3
0.1
0.1
0.1
0
0
NA
NA
NA
0.3
0
0.2
0
0
0
0
0
NA
NA
NA
9513.3
3348.8
17.9
8.6
89.3
796.3
4045.5
1206.9
NA
NA
NA
1206.3
1206.3
0
0
0
0
0
0
NA
NA
NA
1152.1
1152.1
0
0
0
0
0
0
NA
NA
NA
990.4
990.4
0
0
0
0
0
0
NA
NA
NA
838.6
0
0.9
1.3
46.2
447.6
342.7
0
NA
NA
NA
859.7
0
1
0.1
2.7
47.7
651
157.2
NA
NA
NA
829.7
0
1.2
0.2
2.5
30.7
592.6
202.6
NA
NA
NA
797.4
0
0.8
0.2
2.4
29.5
565.7
198.8
NA
NA
NA
617.4
0
0.6
0.5
1.8
23.7
439.2
151.7
NA
NA
NA
483.1
0
0.7
0.3
2.1
25.5
342.3
112.2
NA
NA
NA
424.2
0
0.8
0.3
2.2
28.3
300.2
92.4
NA
NA
NA
376.1
0
0.7
0.5
2.3
30.5
265.4
76.7
NA
NA
NA
325.8
0
0.7
0.3
2.4
29
222.3
71.1
NA
NA
NA
251.3
0
0.7
0.3
2.7
28.9
159.2
59.3
NA
NA
NA
161.9
0
0.8
0.3
2.9
24.9
90.6
42.4
NA
NA
NA
82.8
0
1
0.5
3.2
17
39.7
21.4
NA
NA
NA
46.1
0
1.3
0.6
3.9
12.4
19
8.9
NA
NA
NA
41.9
0
2.5
1.2
6
12.6
13.3
6.3
NA
NA
NA
18.9
0
2
0.9
3.6
5.8
4.9
1.8
NA
NA
NA
7.5
0
1.5
0.7
1.8
1.9
1.2
0.4
NA
NA
NA
1.8
0
0.6
0.3
0.4
0.3
0.1
0
NA
NA
NA
0.2
0
0.1
0
0
0
0
0
NA
NA
NA
4784.4
1719
4.9
2.5
36.1
356.6
1944.8
720.6
NA
NA
NA
619.1
619.1
0
0
0
0
0
0
NA
NA
NA
591.2
591.2
0
0
0
0
0
0
NA
NA
NA
508.7
508.7
0
0
0
0
0
0
NA
NA
NA
430
0
0.5
0.9
23.7
226.3
178.6
0
NA
NA
NA
439.5
0
0.5
0
1
19.9
328.6
89.5
NA
NA
NA
420.1
0
0.6
0.1
1.1
13.7
289.4
115.3
NA
NA
NA
398.6
0
0.2
0.1
1
13
270.4
113.9
NA
NA
NA
309.1
0
0.1
0.1
0.8
10
209.7
88.4
NA
NA
NA
241
0
0.3
0.1
0.8
10.4
162.4
67
NA
NA
NA
207.8
0
0.3
0
0.7
11
139.7
56.2
NA
NA
NA
181.4
0
0.2
0.1
0.8
11.5
121.1
47.7
NA
NA
NA
155.1
0
0.2
0.1
0.6
10
98
46.2
NA
NA
NA
117.4
0
0.2
0.1
0.6
8.6
68.8
39.1
NA
NA
NA
76.7
0
0.1
0
0.6
6.7
40.7
28.5
NA
NA
NA
38.9
0
0.1
0.1
0.5
4.5
19.1
14.5
NA
NA
NA
22.3
0
0.2
0.1
0.8
4
10.7
6.5
NA
NA
NA
17.3
0
0.4
0.2
1.5
4.1
6.9
4.2
NA
NA
NA
7.1
0
0.4
0.2
1
2
2.2
1.1
NA
NA
NA
2.9
0
0.5
0.3
0.7
0.7
0.5
0.2
NA
NA
NA
0.3
0
0.1
0.1
0.1
0
0
0
NA
NA
NA
0
0
0
0
0
0
0
0
NA
NA
NA
4728.8
1629.9
13
6.1
53.2
439.7
2100.7
486.3
NA
NA
NA
587.3
587.3
0
0
0
0
0
0
NA
NA
NA
560.9
560.9
0
0
0
0
0
0
NA
NA
NA
481.7
481.7
0
0
0
0
0
0
NA
NA
NA
408.7
0
0.4
0.4
22.5
221.3
164
0
NA
NA
NA
420.3
0
0.5
0
1.8
27.8
322.5
67.7
NA
NA
NA
409.6
0
0.6
0.1
1.4
17
303.2
87.3
NA
NA
NA
398.8
0
0.6
0.1
1.4
16.5
295.2
85
NA
NA
NA
308.3
0
0.5
0.4
1
13.7
229.5
63.3
NA
NA
NA
242.1
0
0.4
0.3
1.3
15.1
179.9
45.1
NA
NA
NA
216.4
0
0.5
0.2
1.6
17.3
160.6
36.2
NA
NA
NA
194.7
0
0.5
0.4
1.5
19
144.3
29
NA
NA
NA
170.7
0
0.5
0.2
1.8
19
124.3
24.9
NA
NA
NA
133.9
0
0.6
0.3
2.2
20.3
90.3
20.3
NA
NA
NA
85.2
0
0.6
0.3
2.3
18.2
49.9
13.9
NA
NA
NA
43.9
0
0.8
0.4
2.7
12.6
20.5
6.8
NA
NA
NA
23.8
0
1.1
0.5
3.1
8.4
8.3
2.4
NA
NA
NA
24.6
0
2.1
1
4.5
8.5
6.4
2.1
NA
NA
NA
11.9
0
1.6
0.7
2.6
3.8
2.6
0.6
NA
NA
NA
4.6
0
1
0.4
1.1
1.2
0.7
0.2
NA
NA
NA
1.5
0
0.5
0.2
0.4
0.3
0.1
0
NA
NA
NA
0.2
0
0.1
0
0
0
0
0
NA
NA
NA
10485.9
3565.7
13.9
6.7
90.1
874
4566.9
1368.6
NA
NA
NA
1221.6
1221.6
0
0
0
0
0
0
NA
NA
NA
1195.6
1195.6
0
0
0
0
0
0
NA
NA
NA
1148.4
1148.4
0
0
0
0
0
0
NA
NA
NA
987.3
0
1
1.5
54.3
527
403.5
0
NA
NA
NA
833.3
0
0.9
0.1
2.6
46.1
631.2
152.4
NA
NA
NA
849.4
0
1
0.1
2.3
31.2
607.2
207.6
NA
NA
NA
818.9
0
0.6
0.1
2.2
30.1
581.3
204.6
NA
NA
NA
786.8
0
0.9
0.3
2.5
29.2
557.6
196.3
NA
NA
NA
608.2
0
0.7
0.5
1.8
23.4
432.2
149.5
NA
NA
NA
474.5
0
0.8
0.4
2.1
25
336
110.3
NA
NA
NA
413.4
0
0.8
0.3
2.2
27.5
292.4
90.1
NA
NA
NA
360.3
0
0.7
0.5
2.2
29.1
254.1
73.6
NA
NA
NA
302.5
0
0.6
0.3
2.2
26.8
206.4
66
NA
NA
NA
223.2
0
0.6
0.3
2.4
25.7
141.4
52.7
NA
NA
NA
135
0
0.6
0.3
2.4
20.9
75.7
35.2
NA
NA
NA
62.7
0
0.8
0.4
2.4
13.2
30
15.9
NA
NA
NA
30.5
0
0.9
0.4
2.6
8.4
12.5
5.7
NA
NA
NA
23.2
0
1.4
0.7
3.4
7.1
7.3
3.3
NA
NA
NA
8.2
0
0.9
0.4
1.6
2.5
2.1
0.7
NA
NA
NA
2.3
0
0.5
0.2
0.6
0.6
0.4
0.1
NA
NA
NA
0.5
0
0.2
0.1
0.1
0.1
0
0
NA
NA
NA
5273.8
1829.8
3.9
2.1
38.3
397.7
2193.4
808.5
NA
NA
NA
627.4
627.4
0
0
0
0
0
0
NA
NA
NA
613.3
613.3
0
0
0
0
0
0
NA
NA
NA
589.2
589.2
0
0
0
0
0
0
NA
NA
NA
507
0
0.5
1
27.9
266.9
210.6
0
NA
NA
NA
427.1
0
0.5
0
0.9
19.3
319.4
87
NA
NA
NA
434.2
0
0.5
0.1
1
14
299.4
119.2
NA
NA
NA
414.4
0
0.1
0.1
0.9
13.4
281.5
118.5
NA
NA
NA
392.4
0
0.2
0.1
1
12.8
266
112.2
NA
NA
NA
303.5
0
0.2
0.1
0.8
9.9
205.7
86.9
NA
NA
NA
235.9
0
0.4
0.1
0.8
10.2
158.8
65.7
NA
NA
NA
201.4
0
0.3
0
0.7
10.6
135.2
54.6
NA
NA
NA
172.1
0
0.2
0.1
0.7
10.8
114.7
45.5
NA
NA
NA
141.5
0
0.2
0.1
0.6
9
89.2
42.5
NA
NA
NA
101.5
0
0.1
0.1
0.5
7.3
59.4
34.2
NA
NA
NA
61
0
0.1
0
0.4
5.2
32.3
23
NA
NA
NA
27.1
0
0.1
0
0.4
3
13.3
10.3
NA
NA
NA
13.3
0
0.1
0
0.5
2.4
6.4
4
NA
NA
NA
8.2
0
0.2
0.1
0.7
1.9
3.3
2
NA
NA
NA
2.5
0
0.1
0.1
0.4
0.7
0.8
0.4
NA
NA
NA
0.7
0
0.1
0.1
0.2
0.2
0.1
0.1
NA
NA
NA
0.1
0
0
0
0
0
0
0
NA
NA
NA
5212
1735.9
10
4.6
51.8
476.2
2373.4
560.1
NA
NA
NA
594.3
594.3
0
0
0
0
0
0
NA
NA
NA
582.4
582.4
0
0
0
0
0
0
NA
NA
NA
559.3
559.3
0
0
0
0
0
0
NA
NA
NA
480.3
0
0.5
0.5
26.5
260.1
192.8
0
NA
NA
NA
406.2
0
0.4
0
1.7
26.9
311.8
65.4
NA
NA
NA
415.3
0
0.5
0.1
1.3
17.1
307.8
88.4
NA
NA
NA
404.6
0
0.5
0.1
1.3
16.7
299.9
86.1
NA
NA
NA
394.3
0
0.7
0.1
1.4
16.4
291.6
84.1
NA
NA
NA
304.6
0
0.5
0.4
1.1
13.5
226.5
62.6
NA
NA
NA
238.6
0
0.4
0.3
1.3
14.8
177.2
44.5
NA
NA
NA
212
0
0.5
0.3
1.5
16.9
157.2
35.5
NA
NA
NA
188.2
0
0.5
0.4
1.5
18.3
139.4
28.1
NA
NA
NA
161
0
0.5
0.2
1.7
17.8
117.2
23.6
NA
NA
NA
121.6
0
0.5
0.2
1.9
18.4
82.1
18.5
NA
NA
NA
74
0
0.5
0.3
2
15.7
43.4
12.2
NA
NA
NA
35.6
0
0.7
0.3
2.1
10.1
16.7
5.6
NA
NA
NA
17.2
0
0.8
0.3
2.2
6
6.1
1.7
NA
NA
NA
15
0
1.2
0.6
2.7
5.2
4
1.3
NA
NA
NA
5.7
0
0.7
0.3
1.2
1.8
1.3
0.3
NA
NA
NA
1.6
0
0.4
0.2
0.4
0.4
0.2
0.1
NA
NA
NA
0.4
0
0.1
0.1
0.1
0.1
0
0
NA
NA
NA
11442.7
3620
11.3
5.4
93.9
966.2
5194.2
1551.7
NA
NA
NA
1212.5
1212.5
0
0
0
0
0
0
NA
NA
NA
1213.9
1213.9
0
0
0
0
0
0
NA
NA
NA
1193.6
1193.6
0
0
0
0
0
0
NA
NA
NA
1146.2
0
1.1
1.7
63
611.8
468.4
0
NA
NA
NA
984.5
0
1
0
2.9
54.3
746.1
180.1
NA
NA
NA
829.9
0
0.8
0
2.1
30.2
593.9
202.9
NA
NA
NA
844.6
0
0.4
0
2.1
30.7
600.1
211.3
NA
NA
NA
812.2
0
0.6
0.1
2.2
29.8
576.6
203
NA
NA
NA
778.3
0
0.9
0.3
2.4
28.9
551.5
194.3
NA
NA
NA
599.5
0
0.7
0.5
1.8
23
426
147.5
NA
NA
NA
463.6
0
0.7
0.4
2
24.4
328.2
107.9
NA
NA
NA
396.9
0
0.8
0.3
2.1
26.4
280.7
86.7
NA
NA
NA
335.2
0
0.6
0.4
2
27
236.5
68.6
NA
NA
NA
269.3
0
0.5
0.3
2
23.8
183.9
58.9
NA
NA
NA
187.1
0
0.5
0.2
2
21.6
118.8
44
NA
NA
NA
103.1
0
0.5
0.2
1.8
16.2
57.9
26.4
NA
NA
NA
42
0
0.5
0.3
1.7
9
20.1
10.4
NA
NA
NA
16.9
0
0.5
0.2
1.5
4.8
6.8
3
NA
NA
NA
10.1
0
0.6
0.3
1.5
3.2
3.1
1.4
NA
NA
NA
2.6
0
0.3
0.1
0.5
0.8
0.7
0.2
NA
NA
NA
0.6
0
0.1
0.1
0.1
0.1
0.1
0
NA
NA
NA
5753
1858.1
3.3
1.9
41.7
445.5
2494.6
908
NA
NA
NA
623.1
623.1
0
0
0
0
0
0
NA
NA
NA
623
623
0
0
0
0
0
0
NA
NA
NA
612
612
0
0
0
0
0
0
NA
NA
NA
587.8
0
0.6
1.2
32.3
309.4
244.2
0
NA
NA
NA
505.2
0
0.5
0
1
22.7
378
103
NA
NA
NA
424.9
0
0.4
0
0.8
13.6
293.3
116.7
NA
NA
NA
431.1
0
0
0
0.9
13.8
293.1
123.3
NA
NA
NA
409.9
0
0.1
0.1
0.9
13.2
278.4
117.3
NA
NA
NA
386.9
0
0.2
0.1
1
12.6
262.1
110.8
NA
NA
NA
298.1
0
0.2
0.1
0.8
9.7
201.9
85.5
NA
NA
NA
229.3
0
0.3
0.1
0.8
9.8
154.2
64.1
NA
NA
NA
191.5
0
0.3
0
0.6
10
128.4
52.1
NA
NA
NA
157.4
0
0.2
0.1
0.7
9.8
104.7
42
NA
NA
NA
122.7
0
0.1
0.1
0.5
7.7
77.1
37.2
NA
NA
NA
81
0
0.1
0
0.4
5.7
47.2
27.7
NA
NA
NA
42.8
0
0.1
0
0.3
3.6
22.5
16.4
NA
NA
NA
16.2
0
0
0
0.2
1.8
7.9
6.3
NA
NA
NA
6.3
0
0
0
0.2
1.1
3
1.9
NA
NA
NA
2.9
0
0.1
0
0.2
0.7
1.2
0.7
NA
NA
NA
0.6
0
0
0
0.1
0.2
0.2
0.1
NA
NA
NA
0.1
0
0
0
0
0
0
0
NA
NA
NA
5689.7
1761.9
8
3.5
52.3
520.7
2699.5
643.7
NA
NA
NA
589.4
589.4
0
0
0
0
0
0
NA
NA
NA
590.9
590.9
0
0
0
0
0
0
NA
NA
NA
581.6
581.6
0
0
0
0
0
0
NA
NA
NA
558.4
0
0.6
0.6
30.7
302.4
224.1
0
NA
NA
NA
479.3
0
0.5
0
1.9
31.6
368.1
77.2
NA
NA
NA
404.9
0
0.4
0
1.2
16.6
300.6
86.2
NA
NA
NA
413.5
0
0.4
0
1.2
16.9
306.9
88
NA
NA
NA
402.3
0
0.5
0.1
1.3
16.6
298.2
85.7
NA
NA
NA
391.4
0
0.7
0.1
1.4
16.3
289.4
83.5
NA
NA
NA
301.3
0
0.5
0.4
1.1
13.4
224
62
NA
NA
NA
234.4
0
0.4
0.3
1.3
14.6
174
43.8
NA
NA
NA
205.4
0
0.5
0.2
1.5
16.4
152.3
34.5
NA
NA
NA
177.9
0
0.5
0.3
1.4
17.2
131.8
26.7
NA
NA
NA
146.6
0
0.4
0.2
1.5
16.1
106.8
21.6
NA
NA
NA
106
0
0.4
0.2
1.6
15.9
71.6
16.3
NA
NA
NA
60.3
0
0.4
0.2
1.6
12.6
35.4
10.1
NA
NA
NA
25.8
0
0.5
0.2
1.5
7.3
12.2
4.2
NA
NA
NA
10.5
0
0.4
0.2
1.3
3.7
3.8
1.1
NA
NA
NA
7.2
0
0.6
0.3
1.3
2.5
1.9
0.7
NA
NA
NA
2
0
0.3
0.1
0.4
0.6
0.5
0.1
NA
NA
NA
0.5
0
0.1
0
0.1
0.1
0.1
0
NA
NA
NA
12379.5
3655.8
10.1
4.6
94.2
1004
5850
1760.9
NA
NA
NA
1238.5
1238.5
0
0
0
0
0
0
NA
NA
NA
1205.3
1205.3
0
0
0
0
0
0
NA
NA
NA
1211.9
1211.9
0
0
0
0
0
0
NA
NA
NA
1191.3
0
1.2
1.8
65.5
636
486.9
0
NA
NA
NA
1143
0
1.1
0
3.4
63.1
866.2
209.1
NA
NA
NA
980.5
0
1
0
2.4
35.6
701.7
239.8
NA
NA
NA
825.3
0
0.4
0
2.1
30
586.3
206.5
NA
NA
NA
837.9
0
0.4
0
2.1
30.5
595.2
209.7
NA
NA
NA
803.7
0
0.6
0.1
2.2
29.4
570.4
201
NA
NA
NA
767.4
0
0.9
0.3
2.4
28.4
543.7
191.7
NA
NA
NA
585.9
0
0.7
0.5
1.8
22.5
416.2
144.3
NA
NA
NA
445.3
0
0.7
0.3
1.9
23.4
315.2
103.8
NA
NA
NA
369.7
0
0.7
0.3
1.9
24.5
261.5
80.9
NA
NA
NA
299
0
0.6
0.4
1.8
24
211
61.4
NA
NA
NA
226.3
0
0.4
0.2
1.6
20
154.8
49.3
NA
NA
NA
143.8
0
0.4
0.2
1.5
16.7
91.6
33.3
NA
NA
NA
69.6
0
0.3
0.1
1.3
11.2
39.3
17.4
NA
NA
NA
23.6
0
0.3
0.1
1
5.3
11.3
5.7
NA
NA
NA
7.4
0
0.2
0.1
0.7
2.2
2.9
1.2
NA
NA
NA
3.3
0
0.2
0.1
0.5
1.1
1
0.4
NA
NA
NA
0.7
0
0.1
0
0.1
0.2
0.2
0
NA
NA
NA
6221.8
1877.7
3.1
1.8
42.9
465.9
2808.6
1021.8
NA
NA
NA
636.9
636.9
0
0
0
0
0
0
NA
NA
NA
619.1
619.1
0
0
0
0
0
0
NA
NA
NA
621.8
621.8
0
0
0
0
0
0
NA
NA
NA
610.6
0
0.6
1.2
33.6
321.5
253.8
0
NA
NA
NA
585.8
0
0.6
0
1.2
26.3
438.3
119.4
NA
NA
NA
502.7
0
0.5
0
1
16.1
347
138.1
NA
NA
NA
422
0
0
0
0.8
13.5
287
120.7
NA
NA
NA
426.6
0
0
0
0.8
13.6
290
122.1
NA
NA
NA
404.3
0
0.1
0.1
0.9
13
274.4
115.9
NA
NA
NA
380.1
0
0.2
0.1
1
12.4
257.4
109
NA
NA
NA
289.8
0
0.2
0.1
0.7
9.4
196.1
83.4
NA
NA
NA
218.1
0
0.3
0.1
0.7
9.3
146.5
61.2
NA
NA
NA
175.3
0
0.2
0
0.5
9.1
117.3
48.1
NA
NA
NA
136.7
0
0.2
0.1
0.5
8.4
90.7
36.9
NA
NA
NA
98.2
0
0.1
0
0.3
6
61.5
30.2
NA
NA
NA
57.1
0
0.1
0
0.2
3.9
33
19.8
NA
NA
NA
25.7
0
0
0
0.2
2.1
13.4
10
NA
NA
NA
7.8
0
0
0
0.1
0.8
3.8
3
NA
NA
NA
2.3
0
0
0
0.1
0.4
1.1
0.7
NA
NA
NA
0.7
0
0
0
0.1
0.2
0.3
0.2
NA
NA
NA
0.1
0
0
0
0
0
0
0
NA
NA
NA
6157.7
1778
7
2.8
51.3
538.1
3041.4
739.1
NA
NA
NA
601.6
601.6
0
0
0
0
0
0
NA
NA
NA
586.3
586.3
0
0
0
0
0
0
NA
NA
NA
590.2
590.2
0
0
0
0
0
0
NA
NA
NA
580.7
0
0.6
0.6
32
314.5
233.1
0
NA
NA
NA
557.2
0
0.6
0
2.2
36.8
427.9
89.7
NA
NA
NA
477.8
0
0.5
0
1.4
19.6
354.6
101.7
NA
NA
NA
403.3
0
0.4
0
1.2
16.5
299.3
85.8
NA
NA
NA
411.3
0
0.4
0
1.2
16.8
305.2
87.5
NA
NA
NA
399.3
0
0.5
0.1
1.3
16.4
296
85.1
NA
NA
NA
387.2
0
0.7
0.1
1.4
16.1
286.3
82.7
NA
NA
NA
296.1
0
0.5
0.4
1
13.1
220.1
61
NA
NA
NA
227.2
0
0.4
0.3
1.2
14.1
168.7
42.6
NA
NA
NA
194.4
0
0.5
0.2
1.4
15.4
144.1
32.8
NA
NA
NA
162.3
0
0.4
0.3
1.2
15.6
120.3
24.5
NA
NA
NA
128.1
0
0.3
0.2
1.3
14
93.3
19.1
NA
NA
NA
86.7
0
0.3
0.2
1.3
12.8
58.6
13.5
NA
NA
NA
43.9
0
0.3
0.1
1.1
9.1
25.9
7.4
NA
NA
NA
15.9
0
0.3
0.1
0.9
4.4
7.5
2.6
NA
NA
NA
5.1
0
0.2
0.1
0.6
1.8
1.9
0.5
NA
NA
NA
2.6
0
0.2
0.1
0.4
0.9
0.7
0.2
NA
NA
NA
0.6
0
0.1
0
0.1
0.2
0.1
0
NA
NA
NA
13320.4
3731.3
9.6
4
94.3
1027
6478
1976.2
NA
NA
NA
1296.2
1296.2
0
0
0
0
0
0
NA
NA
NA
1231.6
1231.6
0
0
0
0
0
0
NA
NA
NA
1203.4
1203.4
0
0
0
0
0
0
NA
NA
NA
1209.7
0
1.2
1.8
66.5
645.8
494.4
0
NA
NA
NA
1188.1
0
1.2
0
3.5
65.6
900.4
217.3
NA
NA
NA
1138.5
0
1.1
0
2.8
41.4
814.8
278.4
NA
NA
NA
975.2
0
0.5
0
2.4
35.5
692.8
244.1
NA
NA
NA
818.9
0
0.4
0
2
29.8
581.7
205
NA
NA
NA
829.2
0
0.4
0
2.1
30.1
589
207.6
NA
NA
NA
792.6
0
0.6
0.1
2.1
29
562.4
198.4
NA
NA
NA
750.4
0
0.9
0.3
2.3
27.7
531.5
187.7
NA
NA
NA
563.2
0
0.6
0.5
1.7
21.5
399.9
139
NA
NA
NA
415.3
0
0.6
0.3
1.8
21.7
293.8
97.1
NA
NA
NA
330.4
0
0.6
0.2
1.7
21.7
233.6
72.5
NA
NA
NA
251.9
0
0.4
0.3
1.5
20.1
177.9
51.7
NA
NA
NA
174.5
0
0.3
0.2
1.2
15.5
119.8
37.5
NA
NA
NA
97.8
0
0.3
0.1
1
11.6
62.7
22.1
NA
NA
NA
39.6
0
0.2
0.1
0.7
6.6
22.5
9.6
NA
NA
NA
10.5
0
0.1
0.1
0.4
2.4
5
2.4
NA
NA
NA
2.4
0
0.1
0
0.2
0.7
0.9
0.4
NA
NA
NA
0.8
0
0.1
0
0.1
0.3
0.2
0.1
NA
NA
NA
6693.1
1917.9
2.9
1.7
43.7
479.5
3107.9
1139.5
NA
NA
NA
666.9
666.9
0
0
0
0
0
0
NA
NA
NA
633.1
633.1
0
0
0
0
0
0
NA
NA
NA
617.9
617.9
0
0
0
0
0
0
NA
NA
NA
620.4
0
0.6
1.2
34.1
326.6
257.8
0
NA
NA
NA
608.6
0
0.6
0
1.2
27.4
455.4
124
NA
NA
NA
583
0
0.6
0
1.2
18.6
402.4
160.2
NA
NA
NA
499.4
0
0
0
1
16
339.6
142.8
NA
NA
NA
417.8
0
0
0
0.8
13.3
284
119.6
NA
NA
NA
421
0
0
0
0.8
13.4
286
120.7
NA
NA
NA
397.4
0
0.1
0.1
0.9
12.7
269.6
114.1
NA
NA
NA
369.7
0
0.2
0.1
1
12
250.1
106.3
NA
NA
NA
276
0
0.1
0.1
0.7
8.8
186.5
79.7
NA
NA
NA
200
0
0.3
0.1
0.6
8.4
134.1
56.6
NA
NA
NA
152.6
0
0.2
0
0.4
7.8
101.8
42.3
NA
NA
NA
109.7
0
0.1
0.1
0.4
6.6
72.5
30
NA
NA
NA
69.4
0
0.1
0
0.2
4.1
43.2
21.7
NA
NA
NA
34.4
0
0
0
0.1
2.3
19.8
12.1
NA
NA
NA
12.4
0
0
0
0.1
1
6.4
4.9
NA
NA
NA
2.8
0
0
0
0
0.3
1.3
1.1
NA
NA
NA
0.6
0
0
0
0
0.1
0.3
0.2
NA
NA
NA
0.1
0
0
0
0
0
0.1
0
NA
NA
NA
6627.3
1813.4
6.6
2.3
50.6
547.5
3370.1
836.8
NA
NA
NA
629.3
629.3
0
0
0
0
0
0
NA
NA
NA
598.6
598.6
0
0
0
0
0
0
NA
NA
NA
585.5
585.5
0
0
0
0
0
0
NA
NA
NA
589.3
0
0.6
0.6
32.4
319.1
236.6
0
NA
NA
NA
579.5
0
0.6
0
2.3
38.2
445
93.3
NA
NA
NA
555.5
0
0.6
0
1.7
22.8
412.3
118.2
NA
NA
NA
475.9
0
0.5
0
1.4
19.5
353.2
101.3
NA
NA
NA
401.1
0
0.4
0
1.2
16.4
297.7
85.4
NA
NA
NA
408.3
0
0.4
0
1.2
16.7
303
87
NA
NA
NA
395.2
0
0.5
0.1
1.3
16.2
292.8
84.3
NA
NA
NA
380.6
0
0.7
0.1
1.3
15.8
281.4
81.4
NA
NA
NA
287.2
0
0.5
0.4
1
12.7
213.4
59.3
NA
NA
NA
215.3
0
0.4
0.3
1.1
13.3
159.8
40.5
NA
NA
NA
177.8
0
0.4
0.2
1.2
14
131.8
30.2
NA
NA
NA
142.3
0
0.3
0.3
1.1
13.6
105.4
21.6
NA
NA
NA
105.1
0
0.3
0.1
1
11.3
76.6
15.8
NA
NA
NA
63.5
0
0.2
0.1
0.9
9.3
42.9
10
NA
NA
NA
27.2
0
0.2
0.1
0.7
5.6
16.1
4.7
NA
NA
NA
7.7
0
0.1
0.1
0.4
2.2
3.7
1.3
NA
NA
NA
1.8
0
0.1
0
0.2
0.6
0.7
0.2
NA
NA
NA
0.7
0
0.1
0
0.1
0.2
0.2
0.1
NA
NA
NA
14248.5
3861.8
9.2
3.6
93.7
1036
7059
2185.2
NA
NA
NA
1342.5
1342.5
0
0
0
0
0
0
NA
NA
NA
1289.5
1289.5
0
0
0
0
0
0
NA
NA
NA
1229.8
1229.8
0
0
0
0
0
0
NA
NA
NA
1201.3
0
1.2
1.8
66.1
641.2
490.9
0
NA
NA
NA
1206.5
0
1.2
0
3.6
66.6
914.4
220.7
NA
NA
NA
1183.6
0
1.2
0
2.9
43
847
289.4
NA
NA
NA
1132.5
0
0.6
0
2.8
41.2
804.5
283.4
NA
NA
NA
967.9
0
0.5
0
2.4
35.2
687.5
242.3
NA
NA
NA
810.6
0
0.4
0
2
29.4
575.8
203
NA
NA
NA
818
0
0.4
0
2
29.7
580.9
205
NA
NA
NA
775.2
0
0.5
0.1
2.1
28.3
550
194.3
NA
NA
NA
721.8
0
0.8
0.3
2.2
26.6
511.1
180.9
NA
NA
NA
526
0
0.6
0.4
1.5
20
373.3
130.2
NA
NA
NA
371.8
0
0.5
0.3
1.5
19.3
262.9
87.2
NA
NA
NA
279
0
0.5
0.2
1.4
18.3
197.3
61.3
NA
NA
NA
195
0
0.3
0.2
1.1
15.6
138
39.7
NA
NA
NA
119.4
0
0.2
0.1
0.8
10.7
82.4
25.2
NA
NA
NA
56.2
0
0.1
0.1
0.6
6.8
36.3
12.3
NA
NA
NA
17.8
0
0.1
0
0.3
3.1
10.2
4.1
NA
NA
NA
3.5
0
0
0
0.2
0.8
1.7
0.8
NA
NA
NA
0.7
0
0
0
0.1
0.2
0.2
0.1
NA
NA
NA
7158.9
1986.3
2.7
1.6
43.8
486
3384.3
1254.2
NA
NA
NA
691.1
691.1
0
0
0
0
0
0
NA
NA
NA
663.3
663.3
0
0
0
0
0
0
NA
NA
NA
632
632
0
0
0
0
0
0
NA
NA
NA
616.6
0
0.6
1.2
33.9
324.6
256.3
0
NA
NA
NA
618.4
0
0.6
0
1.2
27.8
462.7
126
NA
NA
NA
605.8
0
0.6
0
1.2
19.4
418.2
166.4
NA
NA
NA
579.2
0
0
0
1.2
18.5
393.9
165.7
NA
NA
NA
494.6
0
0
0
1
15.8
336.2
141.6
NA
NA
NA
412.4
0
0
0
0.8
13.1
280.2
118.2
NA
NA
NA
413.9
0
0
0
0.8
13.2
281.1
118.9
NA
NA
NA
386.7
0
0.1
0
0.8
12.3
262.1
111.3
NA
NA
NA
352.4
0
0.2
0.1
0.9
11.3
238.1
101.8
NA
NA
NA
253.4
0
0.1
0.1
0.6
8
170.9
73.7
NA
NA
NA
174.4
0
0.2
0
0.5
7.2
116.6
49.9
NA
NA
NA
122.8
0
0.1
0
0.3
6.1
81.6
34.6
NA
NA
NA
77.9
0
0.1
0
0.3
4.5
51.3
21.7
NA
NA
NA
42
0
0
0
0.1
2.4
26
13.4
NA
NA
NA
16.7
0
0
0
0.1
1.1
9.5
5.9
NA
NA
NA
4.5
0
0
0
0
0.4
2.3
1.8
NA
NA
NA
0.7
0
0
0
0
0.1
0.3
0.3
NA
NA
NA
0.1
0
0
0
0
0
0.1
0
NA
NA
NA
7089.6
1875.5
6.5
1.9
49.9
550
3674.8
931
NA
NA
NA
651.4
651.4
0
0
0
0
0
0
NA
NA
NA
626.2
626.2
0
0
0
0
0
0
NA
NA
NA
597.8
597.8
0
0
0
0
0
0
NA
NA
NA
584.6
0
0.6
0.6
32.2
316.6
234.6
0
NA
NA
NA
588.1
0
0.6
0
2.4
38.8
451.6
94.7
NA
NA
NA
577.8
0
0.6
0
1.7
23.7
428.8
122.9
NA
NA
NA
553.3
0
0.6
0
1.7
22.7
410.7
117.7
NA
NA
NA
473.3
0
0.5
0
1.4
19.4
351.3
100.8
NA
NA
NA
398.2
0
0.4
0
1.2
16.3
295.5
84.8
NA
NA
NA
404.1
0
0.4
0
1.2
16.5
299.8
86.1
NA
NA
NA
388.5
0
0.5
0.1
1.2
15.9
287.8
83
NA
NA
NA
369.4
0
0.6
0.1
1.3
15.3
273
79.1
NA
NA
NA
272.6
0
0.5
0.3
0.9
12
202.4
56.4
NA
NA
NA
197.3
0
0.3
0.2
1
12.1
146.4
37.3
NA
NA
NA
156.2
0
0.3
0.2
1
12.2
115.7
26.8
NA
NA
NA
117.2
0
0.3
0.2
0.8
11
86.8
18
NA
NA
NA
77.3
0
0.2
0.1
0.7
8.2
56.3
11.8
NA
NA
NA
39.5
0
0.1
0.1
0.5
5.7
26.7
6.3
NA
NA
NA
13.4
0
0.1
0
0.3
2.7
7.9
2.3
NA
NA
NA
2.8
0
0
0
0.1
0.8
1.3
0.5
NA
NA
NA
0.6
0
0
0
0.1
0.2
0.2
0.1
NA
NA
NA
15129.9
3981
9
3.2
95.4
1063.2
7598.1
2379.9
NA
NA
NA
1357.4
1357.4
0
0
0
0
0
0
NA
NA
NA
1335.9
1335.9
0
0
0
0
0
0
NA
NA
NA
1287.6
1287.6
0
0
0
0
0
0
NA
NA
NA
1227.6
0
1.2
1.9
67.5
655.3
501.7
0
NA
NA
NA
1198.1
0
1.2
0
3.6
66.1
908
219.2
NA
NA
NA
1202
0
1.2
0
3
43.7
860.2
293.9
NA
NA
NA
1177.5
0
0.6
0
2.9
42.8
836.5
294.6
NA
NA
NA
1124.2
0
0.5
0
2.8
40.9
798.6
281.4
NA
NA
NA
958.3
0
0.5
0
2.4
34.8
680.6
240.1
NA
NA
NA
799.9
0
0.4
0
2
29
568
200.5
NA
NA
NA
800.4
0
0.4
0
2
29
568.3
200.8
NA
NA
NA
746.2
0
0.5
0.1
2
27.1
529.2
187.4
NA
NA
NA
675.1
0
0.7
0.2
2
24.7
477.7
169.7
NA
NA
NA
472.1
0
0.5
0.4
1.3
17.8
334.8
117.3
NA
NA
NA
315
0
0.4
0.2
1.3
16.3
222.7
74.1
NA
NA
NA
216.9
0
0.4
0.1
1.1
14.2
153.7
47.5
NA
NA
NA
134.1
0
0.2
0.2
0.8
10.8
95.3
27
NA
NA
NA
69
0
0.1
0.1
0.5
6.2
47.9
14.1
NA
NA
NA
25.6
0
0.1
0
0.3
3.2
16.7
5.3
NA
NA
NA
5.9
0
0
0
0.1
1.1
3.4
1.3
NA
NA
NA
0.9
0
0
0
0
0.2
0.4
0.2
NA
NA
NA
7601.6
2048.7
2.5
1.6
45
501.4
3641.2
1361.4
NA
NA
NA
699
699
0
0
0
0
0
0
NA
NA
NA
687.5
687.5
0
0
0
0
0
0
NA
NA
NA
662.1
662.1
0
0
0
0
0
0
NA
NA
NA
630.7
0
0.6
1.3
34.7
332
262.1
0
NA
NA
NA
614.7
0
0.6
0
1.2
27.6
459.9
125.3
NA
NA
NA
615.6
0
0.6
0
1.2
19.7
425
169.1
NA
NA
NA
602
0
0
0
1.2
19.3
409.3
172.2
NA
NA
NA
573.8
0
0
0
1.1
18.3
390
164.2
NA
NA
NA
488.3
0
0
0
1
15.6
331.8
140
NA
NA
NA
405.7
0
0
0
0.8
12.9
275.5
116.5
NA
NA
NA
403
0
0
0
0.8
12.8
273.5
116
NA
NA
NA
368.9
0
0.1
0
0.8
11.7
249.7
106.6
NA
NA
NA
324.2
0
0.2
0.1
0.8
10.3
218.5
94.3
NA
NA
NA
221.8
0
0.1
0.1
0.5
6.9
149
65.2
NA
NA
NA
141.1
0
0.2
0
0.4
5.7
93.9
40.9
NA
NA
NA
87.8
0
0.1
0
0.2
4.3
58.1
25.1
NA
NA
NA
47.5
0
0
0
0.2
2.7
31.2
13.5
NA
NA
NA
20.5
0
0
0
0.1
1.2
12.7
6.6
NA
NA
NA
6.1
0
0
0
0
0.4
3.5
2.2
NA
NA
NA
1.1
0
0
0
0
0.1
0.6
0.5
NA
NA
NA
0.1
0
0
0
0
0
0.1
0
NA
NA
NA
7528.3
1932.3
6.5
1.7
50.5
561.8
3957
1018.6
NA
NA
NA
658.4
658.4
0
0
0
0
0
0
NA
NA
NA
648.4
648.4
0
0
0
0
0
0
NA
NA
NA
625.5
625.5
0
0
0
0
0
0
NA
NA
NA
596.9
0
0.6
0.6
32.9
323.3
239.6
0
NA
NA
NA
583.5
0
0.6
0
2.3
38.5
448.1
93.9
NA
NA
NA
586.3
0
0.6
0
1.8
24
435.2
124.8
NA
NA
NA
575.5
0
0.6
0
1.7
23.6
427.2
122.5
NA
NA
NA
550.4
0
0.5
0
1.6
22.5
408.5
117.2
NA
NA
NA
470
0
0.5
0
1.4
19.2
348.8
100.1
NA
NA
NA
394.2
0
0.4
0
1.2
16.1
292.5
84
NA
NA
NA
397.4
0
0.4
0
1.2
16.2
294.8
84.8
NA
NA
NA
377.3
0
0.5
0
1.2
15.4
279.4
80.7
NA
NA
NA
350.9
0
0.6
0.1
1.2
14.4
259.2
75.4
NA
NA
NA
250.3
0
0.4
0.3
0.8
10.9
185.7
52.1
NA
NA
NA
173.9
0
0.3
0.2
0.9
10.5
128.9
33.2
NA
NA
NA
129.2
0
0.3
0.1
0.8
10
95.6
22.3
NA
NA
NA
86.6
0
0.2
0.1
0.6
8.1
64.1
13.5
NA
NA
NA
48.5
0
0.1
0.1
0.4
5.1
35.3
7.5
NA
NA
NA
19.5
0
0.1
0
0.3
2.8
13.2
3.2
NA
NA
NA
4.8
0
0
0
0.1
1
2.8
0.8
NA
NA
NA
0.8
0
0
0
0
0.2
0.4
0.1
NA
NA
NA
15945.4
4040.1
8.9
3
99.2
1109.4
8121.4
2563.4
NA
NA
NA
1354.9
1354.9
0
0
0
0
0
0
NA
NA
NA
1351.2
1351.2
0
0
0
0
0
0
NA
NA
NA
1334
1334
0
0
0
0
0
0
NA
NA
NA
1285.4
0
1.3
1.9
70.7
686.1
525.3
0
NA
NA
NA
1224.5
0
1.2
0
3.6
67.6
928
224
NA
NA
NA
1193.7
0
1.2
0
3
43.4
854.3
291.9
NA
NA
NA
1195.9
0
0.6
0
3
43.5
849.6
299.3
NA
NA
NA
1169
0
0.6
0
2.9
42.5
830.4
292.6
NA
NA
NA
1113.3
0
0.5
0
2.8
40.4
790.7
278.8
NA
NA
NA
945.8
0
0.5
0
2.3
34.3
671.6
237.1
NA
NA
NA
783
0
0.4
0
1.9
28.3
555.9
196.5
NA
NA
NA
771.1
0
0.4
0
1.9
27.8
547.2
193.8
NA
NA
NA
698.9
0
0.5
0.1
1.8
25.3
495.3
176
NA
NA
NA
607.6
0
0.6
0.2
1.8
22.1
429.5
153.4
NA
NA
NA
401.5
0
0.4
0.3
1.1
15
284.6
100.1
NA
NA
NA
245.9
0
0.3
0.2
1
12.6
174.1
57.7
NA
NA
NA
150
0
0.2
0.1
0.7
9.8
106.5
32.5
NA
NA
NA
78
0
0.1
0.1
0.4
6.3
55.7
15.4
NA
NA
NA
31.6
0
0.1
0
0.2
2.9
22.1
6.2
NA
NA
NA
8.6
0
0
0
0.1
1.1
5.7
1.7
NA
NA
NA
1.5
0
0
0
0
0.3
0.9
0.3
NA
NA
NA
8010.3
2079.9
2.3
1.5
47
525.7
3891.3
1462.5
NA
NA
NA
697.9
697.9
0
0
0
0
0
0
NA
NA
NA
695.6
695.6
0
0
0
0
0
0
NA
NA
NA
686.4
686.4
0
0
0
0
0
0
NA
NA
NA
660.8
0
0.7
1.3
36.3
347.9
274.6
0
NA
NA
NA
628.7
0
0.6
0
1.3
28.3
470.4
128.1
NA
NA
NA
612
0
0.6
0
1.2
19.6
422.4
168.1
NA
NA
NA
611.8
0
0
0
1.2
19.6
416
175
NA
NA
NA
596.5
0
0
0
1.2
19.1
405.5
170.7
NA
NA
NA
566.7
0
0
0
1.1
18.1
385.1
162.4
NA
NA
NA
480.5
0
0
0
0.9
15.3
326.3
137.9
NA
NA
NA
395.2
0
0
0
0.8
12.5
268.2
113.7
NA
NA
NA
384.9
0
0
0
0.7
12.1
260.8
111.3
NA
NA
NA
340.1
0
0.1
0
0.7
10.7
229.7
99
NA
NA
NA
284.7
0
0.1
0.1
0.7
8.9
191.2
83.6
NA
NA
NA
180.3
0
0.1
0
0.4
5.5
120.6
53.7
NA
NA
NA
101.6
0
0.1
0
0.3
4
67.3
30
NA
NA
NA
54.1
0
0
0
0.1
2.6
35.6
15.7
NA
NA
NA
23.4
0
0
0
0.1
1.3
15.3
6.7
NA
NA
NA
7.5
0
0
0
0
0.4
4.6
2.4
NA
NA
NA
1.6
0
0
0
0
0.1
0.9
0.6
NA
NA
NA
0.2
0
0
0
0
0
0.1
0.1
NA
NA
NA
7935.1
1960.2
6.6
1.4
52.2
583.7
4230.1
1100.9
NA
NA
NA
657
657
0
0
0
0
0
0
NA
NA
NA
655.6
655.6
0
0
0
0
0
0
NA
NA
NA
647.6
647.6
0
0
0
0
0
0
NA
NA
NA
624.6
0
0.6
0.6
34.4
338.2
250.7
0
NA
NA
NA
595.8
0
0.6
0
2.4
39.3
457.5
95.9
NA
NA
NA
581.8
0
0.6
0
1.7
23.8
431.8
123.8
NA
NA
NA
584.1
0
0.6
0
1.8
23.9
433.5
124.3
NA
NA
NA
572.5
0
0.6
0
1.7
23.4
424.9
121.9
NA
NA
NA
546.6
0
0.5
0
1.6
22.4
405.7
116.4
NA
NA
NA
465.3
0
0.5
0
1.4
19
345.3
99.2
NA
NA
NA
387.8
0
0.4
0
1.1
15.8
287.7
82.8
NA
NA
NA
386.2
0
0.4
0
1.1
15.7
286.4
82.6
NA
NA
NA
358.8
0
0.4
0
1.1
14.6
265.6
77
NA
NA
NA
322.9
0
0.5
0.1
1.1
13.2
238.3
69.8
NA
NA
NA
221.2
0
0.3
0.3
0.7
9.6
164
46.4
NA
NA
NA
144.3
0
0.2
0.2
0.7
8.6
106.8
27.8
NA
NA
NA
95.9
0
0.2
0.1
0.6
7.3
70.9
16.8
NA
NA
NA
54.6
0
0.1
0.1
0.4
5
40.4
8.6
NA
NA
NA
24.1
0
0.1
0
0.2
2.5
17.5
3.8
NA
NA
NA
7
0
0
0
0.1
1
4.8
1.2
NA
NA
NA
1.3
0
0
0
0
0.3
0.8
0.2
NA
NA
NA
16698.4
4055.9
9
2.7
102.7
1152.8
8634
2741.3
NA
NA
NA
1357.6
1357.6
0
0
0
0
0
0
NA
NA
NA
1349
1349
0
0
0
0
0
0
NA
NA
NA
1349.3
1349.3
0
0
0
0
0
0
NA
NA
NA
1331.8
0
1.3
2
73.2
710.9
544.3
0
NA
NA
NA
1282.2
0
1.3
0
3.8
70.8
971.7
234.6
NA
NA
NA
1220.1
0
1.2
0
3
44.3
873.1
298.4
NA
NA
NA
1187.8
0
0.6
0
3
43.2
843.8
297.3
NA
NA
NA
1187.5
0
0.6
0
2.9
43.2
843.5
297.3
NA
NA
NA
1158
0
0.6
0
2.9
42.1
822.5
290
NA
NA
NA
1099.1
0
0.5
0
2.7
39.9
780.5
275.5
NA
NA
NA
926.3
0
0.4
0
2.3
33.5
657.6
232.5
NA
NA
NA
754.9
0
0.4
0
1.8
27.2
535.7
189.8
NA
NA
NA
723.3
0
0.3
0
1.7
25.9
512.9
182.4
NA
NA
NA
630.4
0
0.4
0.1
1.6
22.6
446.3
159.5
NA
NA
NA
518.6
0
0.5
0.2
1.5
18.7
366.3
131.5
NA
NA
NA
315.1
0
0.3
0.2
0.8
11.7
223.3
78.6
NA
NA
NA
170.8
0
0.2
0.1
0.7
8.8
121.2
39.9
NA
NA
NA
87.7
0
0.1
0.1
0.4
5.8
62.5
18.7
NA
NA
NA
35.9
0
0.1
0
0.2
2.9
25.8
6.9
NA
NA
NA
10.7
0
0
0
0.1
1
7.5
2
NA
NA
NA
2.2
0
0
0
0
0.3
1.5
0.4
NA
NA
NA
8385.8
2088.7
2.3
1.5
48.8
547.8
4136
1560.6
NA
NA
NA
699.4
699.4
0
0
0
0
0
0
NA
NA
NA
694.7
694.7
0
0
0
0
0
0
NA
NA
NA
694.5
694.5
0
0
0
0
0
0
NA
NA
NA
685
0
0.7
1.4
37.6
360.7
284.7
0
NA
NA
NA
658.8
0
0.7
0
1.3
29.6
493
134.3
NA
NA
NA
626
0
0.6
0
1.3
20
432.1
172
NA
NA
NA
608.3
0
0
0
1.2
19.5
413.6
174
NA
NA
NA
606.4
0
0
0
1.2
19.4
412.2
173.6
NA
NA
NA
589.3
0
0
0
1.2
18.8
400.4
168.9
NA
NA
NA
557.8
0
0
0
1.1
17.7
378.8
160.1
NA
NA
NA
468.4
0
0
0
0.9
14.8
317.8
134.8
NA
NA
NA
377.8
0
0
0
0.7
11.9
256
109.2
NA
NA
NA
355.6
0
0
0
0.7
11
240.4
103.5
NA
NA
NA
299.6
0
0
0
0.6
9.2
201.7
88.1
NA
NA
NA
232.5
0
0.1
0.1
0.5
7.1
155.5
69.2
NA
NA
NA
130.8
0
0.1
0
0.3
3.9
87
39.6
NA
NA
NA
63.1
0
0.1
0
0.2
2.4
41.6
18.9
NA
NA
NA
26.9
0
0
0
0.1
1.2
17.6
7.9
NA
NA
NA
8.6
0
0
0
0
0.5
5.6
2.5
NA
NA
NA
1.9
0
0
0
0
0.1
1.2
0.6
NA
NA
NA
0.3
0
0
0
0
0
0.2
0.1
NA
NA
NA
8312.6
1967.2
6.7
1.2
53.9
604.9
4498
1180.6
NA
NA
NA
658.2
658.2
0
0
0
0
0
0
NA
NA
NA
654.3
654.3
0
0
0
0
0
0
NA
NA
NA
654.8
654.8
0
0
0
0
0
0
NA
NA
NA
646.7
0
0.6
0.6
35.6
350.2
259.6
0
NA
NA
NA
623.4
0
0.6
0
2.5
41.1
478.8
100.4
NA
NA
NA
594.1
0
0.6
0
1.8
24.3
441
126.4
NA
NA
NA
579.6
0
0.6
0
1.7
23.7
430.2
123.3
NA
NA
NA
581.2
0
0.6
0
1.7
23.8
431.3
123.7
NA
NA
NA
568.7
0
0.6
0
1.7
23.3
422
121.1
NA
NA
NA
541.3
0
0.5
0
1.6
22.1
401.7
115.4
NA
NA
NA
458
0
0.4
0
1.4
18.7
339.7
97.7
NA
NA
NA
377.1
0
0.4
0
1.1
15.3
279.7
80.6
NA
NA
NA
367.7
0
0.3
0
1.1
14.9
272.5
78.9
NA
NA
NA
330.8
0
0.4
0
1
13.4
244.6
71.4
NA
NA
NA
286.1
0
0.4
0.1
0.9
11.6
210.8
62.3
NA
NA
NA
184.2
0
0.3
0.2
0.6
7.9
136.3
39
NA
NA
NA
107.7
0
0.1
0.1
0.5
6.4
79.6
21
NA
NA
NA
60.8
0
0.1
0.1
0.4
4.6
44.9
10.8
NA
NA
NA
27.3
0
0.1
0
0.2
2.5
20.2
4.4
NA
NA
NA
8.7
0
0
0
0.1
0.9
6.4
1.4
NA
NA
NA
2
0
0
0
0
0.3
1.3
0.3
NA
NA
NA
17400.7
4074.5
9
2.5
104.6
1181.1
9117
2912
NA
NA
NA
1375.2
1375.2
0
0
0
0
0
0
NA
NA
NA
1352.1
1352.1
0
0
0
0
0
0
NA
NA
NA
1347.2
1347.2
0
0
0
0
0
0
NA
NA
NA
1347.2
0
1.3
2
74.1
719.1
550.6
0
NA
NA
NA
1328.6
0
1.3
0
3.9
73.3
1006.8
243.1
NA
NA
NA
1277.7
0
1.3
0
3.2
46.4
914.3
312.5
NA
NA
NA
1214.2
0
0.6
0
3
44.2
862.5
303.9
NA
NA
NA
1179.7
0
0.6
0
2.9
42.9
838
295.4
NA
NA
NA
1176.6
0
0.6
0
2.9
42.7
835.7
294.7
NA
NA
NA
1143.5
0
0.6
0
2.8
41.5
812.1
286.6
NA
NA
NA
1076.9
0
0.5
0
2.6
39
764.5
270.2
NA
NA
NA
893.9
0
0.4
0
2.2
32.2
634.3
224.8
NA
NA
NA
709.3
0
0.3
0
1.7
25.4
503
178.9
NA
NA
NA
654
0
0.3
0
1.5
23.2
463.3
165.6
NA
NA
NA
539.8
0
0.4
0.1
1.3
19.2
381.8
137.1
NA
NA
NA
409
0
0.4
0.1
1.1
14.6
288.9
103.9
NA
NA
NA
220.2
0
0.2
0.2
0.6
8.2
156.2
54.8
NA
NA
NA
100.3
0
0.1
0.1
0.4
5.2
71.4
23.2
NA
NA
NA
40.5
0
0.1
0
0.2
2.7
29.1
8.5
NA
NA
NA
12.2
0
0
0
0.1
1
8.8
2.3
NA
NA
NA
2.8
0
0
0
0
0.3
2
0.5
NA
NA
NA
8734.3
2098.9
2.2
1.5
49.7
561.8
4365.2
1655.1
NA
NA
NA
708.7
708.7
0
0
0
0
0
0
NA
NA
NA
696.5
696.5
0
0
0
0
0
0
NA
NA
NA
693.7
693.7
0
0
0
0
0
0
NA
NA
NA
693.2
0
0.7
1.4
38.1
365
288.1
0
NA
NA
NA
683
0
0.7
0
1.4
30.7
511.1
139.2
NA
NA
NA
656
0
0.7
0
1.3
21
452.9
180.2
NA
NA
NA
622.3
0
0
0
1.2
19.9
423.2
178
NA
NA
NA
603
0
0
0
1.2
19.3
409.9
172.6
NA
NA
NA
599.3
0
0
0
1.2
19.1
407.2
171.7
NA
NA
NA
580.2
0
0
0
1.1
18.5
394.1
166.5
NA
NA
NA
544
0
0
0
1.1
17.2
369.2
156.5
NA
NA
NA
448.3
0
0
0
0.9
14.1
303.8
129.5
NA
NA
NA
349.8
0
0
0
0.6
10.9
236.5
101.8
NA
NA
NA
314.3
0
0
0
0.6
9.6
211.8
92.3
NA
NA
NA
245.9
0
0
0
0.5
7.4
164.8
73.2
NA
NA
NA
169.9
0
0.1
0
0.4
5.1
113
51.4
NA
NA
NA
82
0
0
0
0.2
2.4
54.2
25.2
NA
NA
NA
31.7
0
0
0
0.1
1.2
20.7
9.6
NA
NA
NA
10
0
0
0
0
0.5
6.5
3
NA
NA
NA
2.2
0
0
0
0
0.1
1.4
0.7
NA
NA
NA
0.3
0
0
0
0
0
0.2
0.1
NA
NA
NA
8666.4
1975.7
6.8
1
54.9
619.3
4751.9
1256.9
NA
NA
NA
666.6
666.6
0
0
0
0
0
0
NA
NA
NA
655.6
655.6
0
0
0
0
0
0
NA
NA
NA
653.5
653.5
0
0
0
0
0
0
NA
NA
NA
653.9
0
0.7
0.7
36
354.1
262.5
0
NA
NA
NA
645.5
0
0.6
0
2.6
42.6
495.8
103.9
NA
NA
NA
621.7
0
0.6
0
1.9
25.5
461.4
132.3
NA
NA
NA
591.9
0
0.6
0
1.8
24.2
439.3
125.9
NA
NA
NA
576.7
0
0.6
0
1.7
23.6
428.1
122.8
NA
NA
NA
577.3
0
0.6
0
1.7
23.6
428.4
123
NA
NA
NA
563.3
0
0.6
0
1.7
23
418
120
NA
NA
NA
532.9
0
0.5
0
1.6
21.7
395.3
113.7
NA
NA
NA
445.6
0
0.4
0
1.3
18.1
330.5
95.3
NA
NA
NA
359.5
0
0.3
0
1
14.6
266.5
77.1
NA
NA
NA
339.7
0
0.3
0
1
13.7
251.5
73.3
NA
NA
NA
293.9
0
0.3
0
0.9
11.8
217
63.9
NA
NA
NA
239.1
0
0.3
0.1
0.8
9.5
175.9
52.5
NA
NA
NA
138.2
0
0.2
0.1
0.4
5.8
102
29.6
NA
NA
NA
68.6
0
0.1
0.1
0.3
4
50.6
13.6
NA
NA
NA
30.6
0
0.1
0
0.2
2.3
22.6
5.5
NA
NA
NA
9.9
0
0
0
0.1
0.9
7.4
1.6
NA
NA
NA
2.5
0
0
0
0
0.3
1.8
0.4
NA
NA
NA
18054.5
4116.7
9.1
2.3
105.6
1199.5
9552.3
3068.9
NA
NA
NA
1396.3
1396.3
0
0
0
0
0
0
NA
NA
NA
1370
1370
0
0
0
0
0
0
NA
NA
NA
1350.4
1350.4
0
0
0
0
0
0
NA
NA
NA
1345.1
0
1.3
2
74
718
549.8
0
NA
NA
NA
1344
0
1.3
0
4
74.2
1018.5
246
NA
NA
NA
1324
0
1.3
0
3.3
48.1
947.4
323.9
NA
NA
NA
1271.7
0
0.6
0
3.2
46.2
903.3
318.4
NA
NA
NA
1206.1
0
0.6
0
3
43.8
856.7
302
NA
NA
NA
1169.1
0
0.6
0
2.9
42.5
830.4
292.9
NA
NA
NA
1162.2
0
0.6
0
2.9
42.2
825.3
291.3
NA
NA
NA
1121
0
0.5
0
2.7
40.6
795.8
281.3
NA
NA
NA
1040.1
0
0.5
0
2.5
37.5
738.1
261.5
NA
NA
NA
841.2
0
0.4
0
2
30.2
596.5
212.2
NA
NA
NA
643
0
0.3
0
1.5
22.9
455.5
162.8
NA
NA
NA
561.8
0
0.3
0
1.3
19.8
397.6
142.8
NA
NA
NA
427.3
0
0.3
0
1
15.1
302.1
108.7
NA
NA
NA
287.5
0
0.3
0.1
0.8
10.2
203.2
73
NA
NA
NA
130.1
0
0.1
0.1
0.3
4.8
92.6
32.2
NA
NA
NA
46.6
0
0.1
0
0.2
2.4
33.3
10.6
NA
NA
NA
13.8
0
0
0
0.1
0.9
10
2.8
NA
NA
NA
3.3
0
0
0
0
0.3
2.4
0.6
NA
NA
NA
9058.2
2121.1
2.2
1.4
50.1
570.4
4570.5
1742.6
NA
NA
NA
719.7
719.7
0
0
0
0
0
0
NA
NA
NA
705.9
705.9
0
0
0
0
0
0
NA
NA
NA
695.5
695.5
0
0
0
0
0
0
NA
NA
NA
692.4
0
0.7
1.4
38
364.5
287.8
0
NA
NA
NA
691.2
0
0.7
0
1.4
31.1
517.2
140.9
NA
NA
NA
680.2
0
0.7
0
1.4
21.7
469.6
186.9
NA
NA
NA
652.3
0
0
0
1.3
20.9
443.5
186.5
NA
NA
NA
617.1
0
0
0
1.2
19.7
419.5
176.6
NA
NA
NA
596.1
0
0
0
1.2
19
405.1
170.8
NA
NA
NA
590.3
0
0
0
1.2
18.8
400.9
169.4
NA
NA
NA
566.3
0
0
0
1.1
17.9
384.3
162.9
NA
NA
NA
521.3
0
0
0
1
16.4
353.3
150.6
NA
NA
NA
415.9
0
0
0
0.8
12.9
281.2
120.9
NA
NA
NA
310.2
0
0
0
0.5
9.5
209.1
91.1
NA
NA
NA
259.2
0
0
0
0.4
7.7
173.9
77.1
NA
NA
NA
181
0
0
0
0.3
5.3
120.6
54.7
NA
NA
NA
107.4
0
0
0
0.2
3.1
71
33
NA
NA
NA
41.5
0
0
0
0.1
1.2
27.3
12.9
NA
NA
NA
11.8
0
0
0
0
0.4
7.7
3.6
NA
NA
NA
2.6
0
0
0
0
0.1
1.7
0.8
NA
NA
NA
0.4
0
0
0
0
0
0.3
0.1
NA
NA
NA
8996.3
1995.6
7
0.9
55.4
629.2
4981.8
1326.4
NA
NA
NA
676.7
676.7
0
0
0
0
0
0
NA
NA
NA
664.1
664.1
0
0
0
0
0
0
NA
NA
NA
654.9
654.9
0
0
0
0
0
0
NA
NA
NA
652.7
0
0.7
0.7
35.9
353.5
262
0
NA
NA
NA
652.7
0
0.7
0
2.6
43.1
501.3
105.1
NA
NA
NA
643.8
0
0.6
0
1.9
26.4
477.8
137
NA
NA
NA
619.4
0
0.6
0
1.9
25.4
459.8
131.8
NA
NA
NA
589
0
0.6
0
1.8
24.1
437.2
125.4
NA
NA
NA
573
0
0.6
0
1.7
23.4
425.3
122
NA
NA
NA
571.9
0
0.6
0
1.7
23.4
424.4
121.9
NA
NA
NA
554.7
0
0.5
0
1.6
22.6
411.5
118.4
NA
NA
NA
518.9
0
0.5
0
1.5
21.1
384.8
110.9
NA
NA
NA
425.3
0
0.4
0
1.2
17.2
315.2
91.2
NA
NA
NA
332.8
0
0.3
0
0.9
13.4
246.4
71.7
NA
NA
NA
302.6
0
0.3
0
0.8
12
223.7
65.7
NA
NA
NA
246.3
0
0.3
0
0.7
9.7
181.6
54
NA
NA
NA
180.1
0
0.2
0.1
0.6
7.1
132.2
40
NA
NA
NA
88.6
0
0.1
0.1
0.3
3.7
65.3
19.2
NA
NA
NA
34.7
0
0
0
0.1
2
25.6
6.9
NA
NA
NA
11.2
0
0
0
0.1
0.8
8.3
2
NA
NA
NA
2.9
0
0
0
0
0.3
2.1
0.5
NA
NA
NA
18648
4163.3
9.3
2.2
106.8
1219.3
9939
3208.1
NA
NA
NA
1403.6
1403.6
0
0
0
0
0
0
NA
NA
NA
1391.3
1391.3
0
0
0
0
0
0
NA
NA
NA
1368.3
1368.3
0
0
0
0
0
0
NA
NA
NA
1348.3
0
1.3
2
74.2
719.7
551.1
0
NA
NA
NA
1342
0
1.3
0
4
74
1017
245.6
NA
NA
NA
1339.5
0
1.3
0
3.3
48.7
958.5
327.7
NA
NA
NA
1317.9
0
0.6
0
3.3
47.9
936.1
330
NA
NA
NA
1263.5
0
0.6
0
3.1
45.9
897.4
316.4
NA
NA
NA
1195.6
0
0.6
0
3
43.4
849.1
299.5
NA
NA
NA
1155.2
0
0.6
0
2.8
41.9
820.3
289.6
NA
NA
NA
1139.9
0
0.6
0
2.8
41.3
809.3
286
NA
NA
NA
1083.7
0
0.5
0
2.6
39.1
769
272.4
NA
NA
NA
980.5
0
0.5
0
2.3
35.2
695.3
247.2
NA
NA
NA
764.5
0
0.4
0
1.8
27.2
541.5
193.6
NA
NA
NA
554.3
0
0.3
0
1.3
19.5
392.3
141
NA
NA
NA
446.7
0
0.2
0
1
15.6
316.1
113.8
NA
NA
NA
301.8
0
0.2
0
0.7
10.6
213.5
76.8
NA
NA
NA
171
0
0.2
0
0.4
6
121.1
43.2
NA
NA
NA
60.8
0
0.1
0
0.2
2.3
43.4
14.8
NA
NA
NA
15.9
0
0
0
0.1
0.8
11.4
3.5
NA
NA
NA
3.7
0
0
0
0
0.3
2.7
0.7
NA
NA
NA
9352.9
2145.5
2.1
1.4
50.7
579.5
4752.9
1820.8
NA
NA
NA
723.5
723.5
0
0
0
0
0
0
NA
NA
NA
717.1
717.1
0
0
0
0
0
0
NA
NA
NA
704.9
704.9
0
0
0
0
0
0
NA
NA
NA
694.3
0
0.7
1.4
38.1
365.5
288.6
0
NA
NA
NA
690.5
0
0.7
0
1.4
31
516.7
140.7
NA
NA
NA
688.5
0
0.7
0
1.4
22
475.3
189.1
NA
NA
NA
676.4
0
0
0
1.4
21.6
460
193.5
NA
NA
NA
646.9
0
0
0
1.3
20.7
439.8
185.2
NA
NA
NA
610.3
0
0
0
1.2
19.5
414.7
174.9
NA
NA
NA
587.5
0
0
0
1.2
18.7
399
168.6
NA
NA
NA
576.5
0
0
0
1.1
18.3
391.3
165.8
NA
NA
NA
543.3
0
0
0
1
17.1
368.2
156.9
NA
NA
NA
484.6
0
0
0
0.9
15.1
327.8
140.9
NA
NA
NA
370
0
0
0
0.7
11.3
249.4
108.6
NA
NA
NA
257.1
0
0
0
0.4
7.7
172.5
76.5
NA
NA
NA
192.2
0
0
0
0.3
5.6
128.2
58.1
NA
NA
NA
115.4
0
0
0
0.2
3.3
76.4
35.5
NA
NA
NA
54.8
0
0
0
0.1
1.6
36
17.1
NA
NA
NA
15.7
0
0
0
0
0.4
10.3
4.9
NA
NA
NA
3.1
0
0
0
0
0.1
2
1
NA
NA
NA
0.5
0
0
0
0
0
0.3
0.1
NA
NA
NA
9295.1
2017.8
7.1
0.8
56.2
639.9
5186.1
1387.3
NA
NA
NA
680.1
680.1
0
0
0
0
0
0
NA
NA
NA
674.3
674.3
0
0
0
0
0
0
NA
NA
NA
663.4
663.4
0
0
0
0
0
0
NA
NA
NA
654
0
0.7
0.7
36
354.2
262.5
0
NA
NA
NA
651.5
0
0.7
0
2.6
43
500.4
104.9
NA
NA
NA
651
0
0.7
0
2
26.7
483.2
138.5
NA
NA
NA
641.5
0
0.6
0
1.9
26.3
476.2
136.5
NA
NA
NA
616.5
0
0.6
0
1.8
25.2
457.6
131.2
NA
NA
NA
585.3
0
0.6
0
1.7
23.9
434.4
124.7
NA
NA
NA
567.8
0
0.6
0
1.7
23.2
421.3
121
NA
NA
NA
563.4
0
0.6
0
1.7
23
418
120.2
NA
NA
NA
540.4
0
0.5
0
1.6
22
400.8
115.5
NA
NA
NA
495.8
0
0.5
0
1.4
20.1
367.5
106.3
NA
NA
NA
394.5
0
0.4
0
1.1
15.9
292.1
85
NA
NA
NA
297.2
0
0.3
0
0.8
11.8
219.8
64.5
NA
NA
NA
254.5
0
0.2
0
0.7
10
187.9
55.7
NA
NA
NA
186.4
0
0.2
0
0.5
7.3
137.1
41.3
NA
NA
NA
116.2
0
0.1
0
0.3
4.5
85
26.1
NA
NA
NA
45.1
0
0.1
0
0.1
1.8
33.2
9.9
NA
NA
NA
12.8
0
0
0
0.1
0.7
9.4
2.6
NA
NA
NA
3.3
0
0
0
0
0.2
2.4
0.6
NA
NA
NA
19170.2
4182.5
9.4
2.1
108.8
1245.8
10290.2
3331.4
NA
NA
NA
1393.9
1393.9
0
0
0
0
0
0
NA
NA
NA
1398.9
1398.9
0
0
0
0
0
0
NA
NA
NA
1389.7
1389.7
0
0
0
0
0
0
NA
NA
NA
1366.3
0
1.4
2.1
75.1
729.3
558.4
0
NA
NA
NA
1345.3
0
1.3
0
4
74.2
1019.5
246.2
NA
NA
NA
1337.6
0
1.3
0
3.3
48.6
957.1
327.2
NA
NA
NA
1333.5
0
0.6
0
3.3
48.5
947.2
333.9
NA
NA
NA
1309.7
0
0.6
0
3.2
47.6
930.2
328
NA
NA
NA
1252.8
0
0.6
0
3.1
45.5
889.7
313.9
NA
NA
NA
1181.7
0
0.6
0
2.9
42.9
839.1
296.3
NA
NA
NA
1133.6
0
0.6
0
2.8
41
804.8
284.5
NA
NA
NA
1103
0
0.5
0
2.7
39.8
782.7
277.3
NA
NA
NA
1023.3
0
0.5
0
2.4
36.7
725.7
258
NA
NA
NA
893.4
0
0.4
0
2.1
31.8
632.9
226.2
NA
NA
NA
661.5
0
0.3
0
1.5
23.3
468.1
168.2
NA
NA
NA
442.9
0
0.2
0
1
15.5
313.3
112.9
NA
NA
NA
317.2
0
0.1
0
0.7
11
224.5
80.9
NA
NA
NA
180.4
0
0.1
0
0.4
6.3
127.9
45.7
NA
NA
NA
80.5
0
0.1
0
0.2
2.8
57.2
20.1
NA
NA
NA
20.9
0
0
0
0.1
0.8
15
5
NA
NA
NA
4.3
0
0
0
0
0.2
3.1
0.9
NA
NA
NA
9612.7
2155.7
2.1
1.4
51.6
591.8
4919.2
1890.8
NA
NA
NA
718.5
718.5
0
0
0
0
0
0
NA
NA
NA
721.1
721.1
0
0
0
0
0
0
NA
NA
NA
716.1
716.1
0
0
0
0
0
0
NA
NA
NA
703.7
0
0.7
1.4
38.7
370.5
292.4
0
NA
NA
NA
692.4
0
0.7
0
1.4
31.1
518.1
141.1
NA
NA
NA
687.8
0
0.7
0
1.4
22
474.8
189
NA
NA
NA
684.8
0
0
0
1.4
21.9
465.6
195.8
NA
NA
NA
671.1
0
0
0
1.3
21.4
456.2
192.1
NA
NA
NA
640.1
0
0
0
1.3
20.4
435
183.4
NA
NA
NA
601.7
0
0
0
1.2
19.1
408.7
172.6
NA
NA
NA
574.1
0
0
0
1.1
18.2
389.7
165.1
NA
NA
NA
553.7
0
0
0
1.1
17.4
375.3
159.9
NA
NA
NA
506.1
0
0
0
0.9
15.7
342.4
147.1
NA
NA
NA
432.6
0
0
0
0.8
13.2
291.7
126.9
NA
NA
NA
308.3
0
0
0
0.5
9.2
206.9
91.6
NA
NA
NA
192
0
0
0
0.3
5.6
128.1
58
NA
NA
NA
123.6
0
0
0
0.2
3.5
81.9
38
NA
NA
NA
59.5
0
0
0
0.1
1.7
39.2
18.6
NA
NA
NA
20.9
0
0
0
0
0.6
13.7
6.6
NA
NA
NA
4.1
0
0
0
0
0.1
2.7
1.3
NA
NA
NA
0.5
0
0
0
0
0
0.4
0.2
NA
NA
NA
9557.5
2026.7
7.3
0.7
57.2
653.9
5371
1440.7
NA
NA
NA
675.3
675.3
0
0
0
0
0
0
NA
NA
NA
677.8
677.8
0
0
0
0
0
0
NA
NA
NA
673.6
673.6
0
0
0
0
0
0
NA
NA
NA
662.6
0
0.7
0.7
36.5
358.8
266
0
NA
NA
NA
652.9
0
0.7
0
2.6
43.1
501.4
105.1
NA
NA
NA
649.8
0
0.6
0
1.9
26.6
482.3
138.3
NA
NA
NA
648.7
0
0.6
0
1.9
26.6
481.5
138
NA
NA
NA
638.5
0
0.6
0
1.9
26.1
473.9
135.9
NA
NA
NA
612.7
0
0.6
0
1.8
25.1
454.7
130.5
NA
NA
NA
580.1
0
0.6
0
1.7
23.7
430.4
123.6
NA
NA
NA
559.5
0
0.5
0
1.7
22.8
415.1
119.4
NA
NA
NA
549.3
0
0.5
0
1.6
22.4
407.4
117.4
NA
NA
NA
517.1
0
0.5
0
1.5
21
383.3
110.9
NA
NA
NA
460.8
0
0.4
0
1.3
18.5
341.2
99.3
NA
NA
NA
353.2
0
0.3
0
1
14.1
261.2
76.6
NA
NA
NA
250.9
0
0.2
0
0.7
9.9
185.2
54.9
NA
NA
NA
193.6
0
0.1
0
0.5
7.5
142.6
42.9
NA
NA
NA
120.9
0
0.1
0
0.3
4.6
88.7
27.1
NA
NA
NA
59.6
0
0.1
0
0.2
2.3
43.5
13.5
NA
NA
NA
16.8
0
0
0
0
0.7
12.3
3.7
NA
NA
NA
3.7
0
0
0
0
0.2
2.7
0.7
NA
NA
NA
19619.8
4163.6
9.6
2.1
111
1273.3
10616.4
3443.8
NA
NA
NA
1376.8
1376.8
0
0
0
0
0
0
NA
NA
NA
1389.4
1389.4
0
0
0
0
0
0
NA
NA
NA
1397.3
1397.3
0
0
0
0
0
0
NA
NA
NA
1387.7
0
1.4
2.1
76.3
740.7
567.2
0
NA
NA
NA
1363.3
0
1.4
0
4
75.2
1033.2
249.5
NA
NA
NA
1341
0
1.3
0
3.3
48.7
959.5
328.1
NA
NA
NA
1331.8
0
0.6
0
3.3
48.4
946
333.5
NA
NA
NA
1325.4
0
0.6
0
3.3
48.2
941.3
332
NA
NA
NA
1298.9
0
0.6
0
3.2
47.2
922.4
325.5
NA
NA
NA
1238.6
0
0.6
0
3.1
44.9
879.5
310.6
NA
NA
NA
1160.2
0
0.6
0
2.8
42
823.6
291.2
NA
NA
NA
1098
0
0.5
0
2.7
39.6
779.1
276
NA
NA
NA
1043.3
0
0.5
0
2.5
37.4
739.8
263
NA
NA
NA
935
0
0.4
0
2.2
33.3
662.4
236.7
NA
NA
NA
776
0
0.4
0
1.8
27.4
549.2
197.3
NA
NA
NA
531.1
0
0.2
0
1.2
18.5
375.7
135.5
NA
NA
NA
316.4
0
0.1
0
0.7
11
223.9
80.7
NA
NA
NA
190.8
0
0.1
0
0.4
6.6
135.2
48.4
NA
NA
NA
85.3
0
0.1
0
0.2
3
60.7
21.4
NA
NA
NA
27.8
0
0
0
0.1
1
19.9
6.9
NA
NA
NA
5.5
0
0
0
0
0.2
4
1.3
NA
NA
NA
9835.4
2146.2
2.1
1.4
52.6
604.6
5073.7
1954.6
NA
NA
NA
709.8
709.8
0
0
0
0
0
0
NA
NA
NA
716.3
716.3
0
0
0
0
0
0
NA
NA
NA
720.2
720.2
0
0
0
0
0
0
NA
NA
NA
714.9
0
0.7
1.4
39.3
376.4
297.1
0
NA
NA
NA
701.9
0
0.7
0
1.4
31.6
525.2
143
NA
NA
NA
689.8
0
0.7
0
1.4
22.1
476.2
189.5
NA
NA
NA
684.2
0
0
0
1.4
21.9
465.3
195.7
NA
NA
NA
679.6
0
0
0
1.4
21.7
462
194.5
NA
NA
NA
664.2
0
0
0
1.3
21.2
451.4
190.3
NA
NA
NA
631.3
0
0
0
1.2
20.1
428.8
181.1
NA
NA
NA
588.3
0
0
0
1.1
18.6
399.4
169.2
NA
NA
NA
552.1
0
0
0
1.1
17.4
374.3
159.4
NA
NA
NA
517
0
0
0
1
16.1
349.8
150.2
NA
NA
NA
453.4
0
0
0
0.8
13.9
305.7
132.9
NA
NA
NA
362.2
0
0
0
0.6
10.9
243.2
107.6
NA
NA
NA
231.9
0
0
0
0.4
6.8
154.8
70
NA
NA
NA
124.6
0
0
0
0.2
3.5
82.7
38.3
NA
NA
NA
64.4
0
0
0
0.1
1.8
42.5
20.1
NA
NA
NA
22.9
0
0
0
0
0.6
15
7.2
NA
NA
NA
5.5
0
0
0
0
0.2
3.6
1.7
NA
NA
NA
0.7
0
0
0
0
0
0.5
0.2
NA
NA
NA
9784.5
2017.4
7.5
0.7
58.4
668.6
5542.7
1489.2
NA
NA
NA
667
667
0
0
0
0
0
0
NA
NA
NA
673.2
673.2
0
0
0
0
0
0
NA
NA
NA
677.2
677.2
0
0
0
0
0
0
NA
NA
NA
672.8
0
0.7
0.7
37
364.3
270.1
0
NA
NA
NA
661.4
0
0.7
0
2.6
43.7
508
106.5
NA
NA
NA
651.2
0
0.7
0
2
26.7
483.4
138.6
NA
NA
NA
647.6
0
0.6
0
1.9
26.5
480.7
137.8
NA
NA
NA
645.8
0
0.6
0
1.9
26.4
479.3
137.5
NA
NA
NA
634.7
0
0.6
0
1.9
26
471
135.2
NA
NA
NA
607.3
0
0.6
0
1.8
24.8
450.7
129.4
NA
NA
NA
571.8
0
0.6
0
1.7
23.3
424.3
122
NA
NA
NA
545.9
0
0.5
0
1.6
22.2
404.8
116.7
NA
NA
NA
526.3
0
0.5
0
1.5
21.3
390.1
112.8
NA
NA
NA
481.6
0
0.4
0
1.4
19.4
356.6
103.7
NA
NA
NA
413.8
0
0.4
0
1.1
16.5
306
89.7
NA
NA
NA
299.2
0
0.2
0
0.8
11.8
220.9
65.5
NA
NA
NA
191.8
0
0.1
0
0.5
7.4
141.2
42.5
NA
NA
NA
126.3
0
0.1
0
0.3
4.8
92.8
28.3
NA
NA
NA
62.4
0
0.1
0
0.2
2.4
45.7
14.2
NA
NA
NA
22.3
0
0
0
0.1
0.8
16.3
5.1
NA
NA
NA
4.8
0
0
0
0
0.2
3.5
1.1
NA
NA
NA
20001.9
4123.4
9.8
2.1
112.4
1292.4
10914.2
3547.5
NA
NA
NA
1362.8
1362.8
0
0
0
0
0
0
NA
NA
NA
1372.7
1372.7
0
0
0
0
0
0
NA
NA
NA
1387.9
1387.9
0
0
0
0
0
0
NA
NA
NA
1395.4
0
1.4
2.1
76.7
744.8
570.3
0
NA
NA
NA
1384.8
0
1.4
0
4.1
76.4
1049.4
253.5
NA
NA
NA
1359.1
0
1.4
0
3.4
49.4
972.5
332.5
NA
NA
NA
1335.4
0
0.6
0
3.3
48.5
948.5
334.4
NA
NA
NA
1324
0
0.6
0
3.3
48.1
940.3
331.6
NA
NA
NA
1314.8
0
0.6
0
3.3
47.7
933.7
329.5
NA
NA
NA
1284.7
0
0.6
0
3.2
46.6
912.2
322.1
NA
NA
NA
1216.7
0
0.6
0
3
44
863.7
305.4
NA
NA
NA
1124.8
0
0.5
0
2.7
40.6
798.1
282.8
NA
NA
NA
1040.3
0
0.5
0
2.5
37.3
737.7
262.3
NA
NA
NA
955.8
0
0.5
0
2.2
34
677.2
241.9
NA
NA
NA
815.2
0
0.4
0
1.8
28.7
577
207.3
NA
NA
NA
626.3
0
0.3
0
1.4
21.9
443
159.8
NA
NA
NA
381.8
0
0.2
0
0.8
13.2
270.1
97.5
NA
NA
NA
191.6
0
0.1
0
0.4
6.6
135.8
48.7
NA
NA
NA
90.7
0
0
0
0.2
3.1
64.6
22.8
NA
NA
NA
29.6
0
0
0
0.1
1
21.2
7.3
NA
NA
NA
7.4
0
0
0
0
0.3
5.3
1.8
NA
NA
NA
10022.6
2125.7
2.1
1.4
53.2
613.2
5213.7
2013.2
NA
NA
NA
702.6
702.6
0
0
0
0
0
0
NA
NA
NA
707.7
707.7
0
0
0
0
0
0
NA
NA
NA
715.4
715.4
0
0
0
0
0
0
NA
NA
NA
719
0
0.7
1.4
39.5
378.6
298.8
0
NA
NA
NA
713.1
0
0.7
0
1.4
32.1
533.6
145.3
NA
NA
NA
699.3
0
0.7
0
1.4
22.4
482.7
192.1
NA
NA
NA
686.3
0
0
0
1.4
22
466.7
196.3
NA
NA
NA
679.2
0
0
0
1.4
21.7
461.8
194.4
NA
NA
NA
672.8
0
0
0
1.3
21.5
457.3
192.8
NA
NA
NA
655.4
0
0
0
1.3
20.9
445.2
188
NA
NA
NA
617.8
0
0
0
1.2
19.6
419.3
177.6
NA
NA
NA
566.5
0
0
0
1.1
17.8
384.1
163.5
NA
NA
NA
516.7
0
0
0
1
16.1
349.6
150
NA
NA
NA
464.7
0
0
0
0.8
14.3
313.5
136.2
NA
NA
NA
381.6
0
0
0
0.6
11.5
256.3
113.2
NA
NA
NA
274.6
0
0
0
0.4
8
183.3
82.8
NA
NA
NA
152
0
0
0
0.2
4.3
100.8
46.6
NA
NA
NA
65.7
0
0
0
0.1
1.8
43.3
20.5
NA
NA
NA
25.1
0
0
0
0
0.7
16.4
7.9
NA
NA
NA
6.1
0
0
0
0
0.2
4
1.9
NA
NA
NA
1
0
0
0
0
0
0.6
0.3
NA
NA
NA
9979.3
1997.7
7.7
0.7
59.2
679.2
5700.5
1534.3
NA
NA
NA
660.2
660.2
0
0
0
0
0
0
NA
NA
NA
665
665
0
0
0
0
0
0
NA
NA
NA
672.5
672.5
0
0
0
0
0
0
NA
NA
NA
676.4
0
0.7
0.7
37.2
366.3
271.5
0
NA
NA
NA
671.7
0
0.7
0
2.7
44.3
515.8
108.1
NA
NA
NA
659.8
0
0.7
0
2
27
489.7
140.4
NA
NA
NA
649.1
0
0.6
0
1.9
26.6
481.8
138.1
NA
NA
NA
644.8
0
0.6
0
1.9
26.4
478.6
137.2
NA
NA
NA
642
0
0.6
0
1.9
26.3
476.5
136.7
NA
NA
NA
629.3
0
0.6
0
1.9
25.7
466.9
134.1
NA
NA
NA
598.9
0
0.6
0
1.8
24.4
444.4
127.8
NA
NA
NA
558.3
0
0.5
0
1.6
22.7
414
119.3
NA
NA
NA
523.6
0
0.5
0
1.5
21.2
388.1
112.2
NA
NA
NA
491.1
0
0.5
0
1.4
19.8
363.7
105.8
NA
NA
NA
433.6
0
0.4
0
1.2
17.3
320.7
94
NA
NA
NA
351.8
0
0.3
0
0.9
13.9
259.7
76.9
NA
NA
NA
229.8
0
0.2
0
0.6
8.9
169.2
50.8
NA
NA
NA
125.9
0
0.1
0
0.3
4.8
92.5
28.2
NA
NA
NA
65.7
0
0
0
0.2
2.5
48.1
14.9
NA
NA
NA
23.5
0
0
0
0.1
0.9
17.2
5.4
NA
NA
NA
6.4
0
0
0
0
0.2
4.7
1.5
NA
NA
NA
20319.8
4082.4
10
2.1
112.7
1300.7
11171.6
3640.2
NA
NA
NA
1352.2
1352.2
0
0
0
0
0
0
NA
NA
NA
1358.9
1358.9
0
0
0
0
0
0
NA
NA
NA
1371.3
1371.3
0
0
0
0
0
0
NA
NA
NA
1386.1
0
1.4
2.1
76.2
739.9
566.5
0
NA
NA
NA
1392.6
0
1.4
0
4.1
76.8
1055.3
254.9
NA
NA
NA
1380.7
0
1.4
0
3.4
50.2
987.9
337.8
NA
NA
NA
1353.6
0
0.7
0
3.4
49.2
961.4
339
NA
NA
NA
1327.8
0
0.6
0
3.3
48.2
943
332.6
NA
NA
NA
1313.8
0
0.6
0
3.3
47.7
933
329.2
NA
NA
NA
1300.9
0
0.6
0
3.2
47.2
923.6
326.2
NA
NA
NA
1262.6
0
0.6
0
3.1
45.7
896.3
316.9
NA
NA
NA
1180.7
0
0.6
0
2.9
42.6
837.8
296.9
NA
NA
NA
1067.5
0
0.5
0
2.5
38.3
757
269.1
NA
NA
NA
955.7
0
0.5
0
2.2
34
677.1
241.9
NA
NA
NA
836.6
0
0.4
0
1.9
29.5
592.1
212.7
NA
NA
NA
661.4
0
0.3
0
1.5
23.1
467.8
168.7
NA
NA
NA
453.1
0
0.2
0
1
15.7
320.5
115.8
NA
NA
NA
232.8
0
0.1
0
0.5
8
164.9
59.3
NA
NA
NA
91.8
0
0
0
0.2
3.2
65.3
23.1
NA
NA
NA
31.7
0
0
0
0.1
1.1
22.6
7.9
NA
NA
NA
8.1
0
0
0
0
0.3
5.8
2
NA
NA
NA
10177
2104.5
2.1
1.4
53.2
616.3
5333.8
2065.5
NA
NA
NA
697.1
697.1
0
0
0
0
0
0
NA
NA
NA
700.6
700.6
0
0
0
0
0
0
NA
NA
NA
706.9
706.9
0
0
0
0
0
0
NA
NA
NA
714.3
0
0.7
1.4
39.2
376.1
296.9
0
NA
NA
NA
717.3
0
0.7
0
1.4
32.2
536.7
146.2
NA
NA
NA
710.6
0
0.7
0
1.4
22.7
490.5
195.2
NA
NA
NA
695.9
0
0
0
1.4
22.3
473.2
199
NA
NA
NA
681.5
0
0
0
1.4
21.8
463.3
195
NA
NA
NA
672.7
0
0
0
1.3
21.5
457.2
192.7
NA
NA
NA
664.2
0
0
0
1.3
21.1
451.2
190.5
NA
NA
NA
641.8
0
0
0
1.3
20.4
435.7
184.5
NA
NA
NA
595.6
0
0
0
1.1
18.8
403.8
171.8
NA
NA
NA
531.3
0
0
0
1
16.6
359.5
154.2
NA
NA
NA
466.1
0
0
0
0.8
14.3
314.4
136.5
NA
NA
NA
393.2
0
0
0
0.7
11.8
264.1
116.6
NA
NA
NA
291.5
0
0
0
0.5
8.5
194.7
87.8
NA
NA
NA
181.7
0
0
0
0.3
5.2
120.5
55.7
NA
NA
NA
81
0
0
0
0.1
2.2
53.4
25.2
NA
NA
NA
25.9
0
0
0
0
0.7
17
8.2
NA
NA
NA
6.7
0
0
0
0
0.2
4.4
2.1
NA
NA
NA
1.1
0
0
0
0
0
0.7
0.3
NA
NA
NA
10142.8
1977.9
7.8
0.7
59.5
684.3
5837.8
1574.8
NA
NA
NA
655.1
655.1
0
0
0
0
0
0
NA
NA
NA
658.3
658.3
0
0
0
0
0
0
NA
NA
NA
664.4
664.4
0
0
0
0
0
0
NA
NA
NA
671.8
0
0.7
0.7
37
363.8
269.7
0
NA
NA
NA
675.3
0
0.7
0
2.7
44.6
518.6
108.7
NA
NA
NA
670
0
0.7
0
2
27.4
497.3
142.6
NA
NA
NA
657.7
0
0.7
0
2
26.9
488.2
139.9
NA
NA
NA
646.3
0
0.6
0
1.9
26.5
479.7
137.6
NA
NA
NA
641.1
0
0.6
0
1.9
26.2
475.8
136.5
NA
NA
NA
636.7
0
0.6
0
1.9
26
472.4
135.7
NA
NA
NA
620.8
0
0.6
0
1.8
25.3
460.6
132.4
NA
NA
NA
585.1
0
0.6
0
1.7
23.8
434
125
NA
NA
NA
536.2
0
0.5
0
1.6
21.7
397.4
114.9
NA
NA
NA
489.7
0
0.5
0
1.4
19.7
362.6
105.4
NA
NA
NA
443.4
0
0.4
0
1.2
17.7
328
96.1
NA
NA
NA
370
0
0.3
0
1
14.6
273.2
80.9
NA
NA
NA
271.5
0
0.2
0
0.7
10.5
200
60
NA
NA
NA
151.8
0
0.1
0
0.4
5.8
111.5
34
NA
NA
NA
65.9
0
0
0
0.2
2.5
48.3
15
NA
NA
NA
24.9
0
0
0
0.1
0.9
18.2
5.7
NA
NA
NA
7
0
0
0
0
0.3
5.1
1.6
NA
NA
NA
20572.6
4044.7
10.1
2.1
112.5
1302.6
11381.9
3718.7
NA
NA
NA
1338.6
1338.6
0
0
0
0
0
0
NA
NA
NA
1348.6
1348.6
0
0
0
0
0
0
NA
NA
NA
1357.5
1357.5
0
0
0
0
0
0
NA
NA
NA
1369.5
0
1.4
2.1
75.3
731
559.8
0
NA
NA
NA
1383.3
0
1.4
0
4.1
76.3
1048.3
253.2
NA
NA
NA
1388.5
0
1.4
0
3.4
50.4
993.5
339.7
NA
NA
NA
1375.2
0
0.7
0
3.4
50
976.7
344.4
NA
NA
NA
1346.2
0
0.7
0
3.3
48.9
956.1
337.2
NA
NA
NA
1317.9
0
0.6
0
3.3
47.8
935.9
330.3
NA
NA
NA
1300.3
0
0.6
0
3.2
47.1
923.2
326.1
NA
NA
NA
1279.2
0
0.6
0
3.1
46.3
908
321.1
NA
NA
NA
1226.4
0
0.6
0
3
44.2
870.2
308.4
NA
NA
NA
1122.5
0
0.5
0
2.7
40.3
796
283
NA
NA
NA
983.3
0
0.5
0
2.3
35
696.6
248.9
NA
NA
NA
839.8
0
0.4
0
1.9
29.6
594.3
213.5
NA
NA
NA
682.4
0
0.3
0
1.5
23.8
482.6
174.1
NA
NA
NA
481.7
0
0.2
0
1
16.7
340.7
123.1
NA
NA
NA
278.4
0
0.1
0
0.6
9.6
197.2
70.9
NA
NA
NA
112.3
0
0.1
0
0.2
3.9
79.8
28.3
NA
NA
NA
32.3
0
0
0
0.1
1.1
23
8
NA
NA
NA
8.7
0
0
0
0
0.3
6.2
2.1
NA
NA
NA
10300.3
2085
2.1
1.4
53.1
616.5
5432.2
2109.9
NA
NA
NA
690
690
0
0
0
0
0
0
NA
NA
NA
695.2
695.2
0
0
0
0
0
0
NA
NA
NA
699.8
699.8
0
0
0
0
0
0
NA
NA
NA
705.8
0
0.7
1.4
38.8
371.6
293.3
0
NA
NA
NA
712.6
0
0.7
0
1.4
32
533.2
145.2
NA
NA
NA
714.8
0
0.7
0
1.4
22.9
493.5
196.4
NA
NA
NA
707.3
0
0
0
1.4
22.6
481
202.3
NA
NA
NA
691.3
0
0
0
1.4
22.1
469.9
197.8
NA
NA
NA
675.3
0
0
0
1.3
21.5
458.9
193.4
NA
NA
NA
664.4
0
0
0
1.3
21.2
451.4
190.6
NA
NA
NA
650.9
0
0
0
1.3
20.6
441.9
187.1
NA
NA
NA
619.6
0
0
0
1.2
19.5
420.1
178.7
NA
NA
NA
559.8
0
0
0
1
17.5
378.9
162.4
NA
NA
NA
480.9
0
0
0
0.9
14.8
324.5
140.8
NA
NA
NA
396.5
0
0
0
0.7
11.9
266.4
117.5
NA
NA
NA
302.7
0
0
0
0.5
8.9
202.2
91.1
NA
NA
NA
194.8
0
0
0
0.3
5.5
129.3
59.7
NA
NA
NA
98
0
0
0
0.1
2.7
64.6
30.5
NA
NA
NA
32.3
0
0
0
0
0.9
21.2
10.2
NA
NA
NA
7
0
0
0
0
0.2
4.6
2.2
NA
NA
NA
1.2
0
0
0
0
0
0.8
0.4
NA
NA
NA
10272.3
1959.7
7.9
0.7
59.5
686.1
5949.7
1608.8
NA
NA
NA
648.6
648.6
0
0
0
0
0
0
NA
NA
NA
653.3
653.3
0
0
0
0
0
0
NA
NA
NA
657.7
657.7
0
0
0
0
0
0
NA
NA
NA
663.7
0
0.7
0.7
36.5
359.4
266.4
0
NA
NA
NA
670.7
0
0.7
0
2.7
44.3
515.1
108
NA
NA
NA
673.7
0
0.7
0
2
27.6
500.1
143.4
NA
NA
NA
667.9
0
0.7
0
2
27.4
495.8
142.1
NA
NA
NA
654.9
0
0.7
0
2
26.8
486.1
139.4
NA
NA
NA
642.7
0
0.6
0
1.9
26.3
477
136.9
NA
NA
NA
635.8
0
0.6
0
1.9
26
471.8
135.5
NA
NA
NA
628.3
0
0.6
0
1.9
25.6
466.1
134
NA
NA
NA
606.8
0
0.6
0
1.8
24.7
450.1
129.7
NA
NA
NA
562.6
0
0.5
0
1.6
22.8
417.1
120.6
NA
NA
NA
502.4
0
0.5
0
1.4
20.2
372.1
108.1
NA
NA
NA
443.3
0
0.4
0
1.2
17.7
327.9
96
NA
NA
NA
379.7
0
0.3
0
1
15
280.4
83
NA
NA
NA
286.9
0
0.2
0
0.7
11.1
211.4
63.4
NA
NA
NA
180.4
0
0.1
0
0.4
6.9
132.6
40.4
NA
NA
NA
80
0
0.1
0
0.2
3
58.6
18.2
NA
NA
NA
25.2
0
0
0
0.1
0.9
18.4
5.8
NA
NA
NA
7.4
0
0
0
0
0.3
5.4
1.7
NA
NA
NA
